PARAMETRIC_CURVE_CARTESIAN_3D
body_RK4_2
t1: 0
t2: 50
NumPoints: 211
0 -110 -50 10 
0.238095 -109.994 -48.7768 9.9995 
0.47619 -109.9 -44.7956 9.99092 
0.714286 -109.49 -38.2843 9.9543 
0.952381 -108.495 -29.9148 9.86664 
1.19048 -106.778 -20.7273 9.7182 
1.42857 -104.293 -11.2667 9.50784 
1.66667 -101.039 -1.83215 9.23838 
1.90476 -97.0303 7.39671 8.91421 
2.14286 -92.2888 16.3009 8.54027 
2.38095 -86.8349 24.7957 8.12143 
2.61905 -80.683 32.8167 7.6622 
2.85714 -73.836 40.3109 7.16651 
3.09524 -66.2809 47.2296 6.63753 
3.33333 -57.981 53.5211 6.07754 
3.57143 -48.8623 59.1235 5.48754 
3.80952 -38.7849 63.9519 4.86652 
4.04762 -27.4658 67.8744 4.20893 
4.28571 -15.8419 70.4011 3.57997 
4.52381 -6.68053 71.3809 3.11967 
4.7619 1.44855 71.5218 2.73946 
5 9.6487 70.9705 2.38506 
5.2381 17.1627 69.8434 2.08833 
5.47619 25.5205 67.866 1.7931 
5.71429 34.6684 64.7767 1.51737 
5.95238 44.2698 60.3981 1.29009 
6.19048 52.9418 55.3133 1.15052 
6.42857 60.4135 49.9316 1.0917 
6.66667 67.0409 44.2365 1.09874 
6.90476 73.0489 38.1649 1.16583 
7.14286 78.6407 31.5442 1.29531 
7.38095 83.9069 24.1985 1.49641 
7.61905 88.8439 15.966 1.78368 
7.85714 93.4096 6.61608 2.18016 
8.09524 97.3461 -3.7199 2.6976 
8.33333 100.071 -13.306 3.24739 
8.57143 101.925 -22.5633 3.84029 
8.80952 103.149 -32.9592 4.57841 
9.04762 103.483 -44.2407 5.46774 
9.28571 102.733 -56.0577 6.50266 
9.52381 100.871 -67.6741 7.6313 
9.7619 97.3753 -80.6958 9.0433 
10 92.1439 -93.8845 10.6587 
10.2381 84.9406 -106.995 12.4951 
10.4762 75.5484 -119.652 14.5615 
10.7143 63.7716 -131.378 16.8621 
10.9524 49.5087 -141.542 19.3845 
11.1905 34.1703 -148.882 21.8824 
11.4286 18.3267 -153.326 24.294 
11.6667 2.62198 -154.962 26.5531 
11.9048 -10.3505 -154.338 28.3368 
12.1429 -23.2644 -151.926 30.0478 
12.381 -36.7211 -147.397 31.7679 
12.619 -50.837 -140.155 33.5079 
12.8571 -64.8266 -129.907 35.1694 
13.0952 -77.9225 -116.542 36.6674 
13.3333 -89.3797 -100.121 37.9295 
13.5714 -97.4437 -83.5357 38.7868 
13.8095 -102.767 -67.0855 39.3358 
14.0476 -105.757 -51.1893 39.6367 
14.2857 -106.787 -36.9854 39.7402 
14.5238 -106.521 -25.5042 39.7191 
14.7619 -105.088 -12.8792 39.5924 
15 -102.545 -0.761323 39.3701 
15.2381 -99.6592 8.84708 39.1227 
15.4762 -95.8078 18.7401 38.7995 
15.7143 -90.6936 29.1062 38.3808 
15.9524 -83.908 40.0114 37.8417 
16.1905 -75.3245 50.8975 37.184 
16.4286 -65.4003 60.7713 36.455 
16.6667 -54.8642 68.95 35.7161 
16.9048 -45.0901 74.8717 35.0627 
17.1429 -37.1419 78.6866 34.5542 
17.381 -30.4443 81.2761 34.142 
17.619 -23.2245 83.4728 33.7149 
17.8571 -15.5941 85.1592 33.2836 
18.0952 -7.25613 86.2857 32.8372 
18.3333 1.91673 86.6825 32.3781 
18.5714 9.11019 86.3804 32.0434 
18.8095 16.3193 85.5311 31.7322 
19.0476 24.2894 83.9388 31.4191 
19.2857 32.9238 81.4034 31.1207 
19.5238 40.8203 78.2953 30.8904 
19.7619 48.1015 74.6993 30.7195 
20 54.7825 70.7154 30.6037 
20.2381 61.0391 66.3143 30.5371 
20.4762 68.4312 60.1407 30.5222 
20.7143 75.724 52.7887 30.5934 
20.9524 82.1374 44.9842 30.7513 
21.1905 88.0159 36.3202 31.0074 
21.4286 93.3621 26.5859 31.3816 
21.6667 98.0352 15.6686 31.8975 
21.9048 101.534 4.61326 32.515 
22.1429 103.82 -5.86023 33.184 
22.381 105.087 -15.3773 33.8616 
22.619 105.614 -25.0808 34.6212 
22.8571 105.307 -35.8609 35.5492 
23.0952 103.981 -47.0734 36.6138 
23.3333 101.318 -59.2817 37.8989 
23.5714 97.1228 -71.8851 39.3823 
23.8095 91.1641 -84.6434 41.0786 
24.0476 83.2187 -97.237 42.9984 
24.2857 73.0769 -109.263 45.1489 
24.5238 60.5571 -120.213 47.5315 
24.7619 45.7551 -129.341 50.1011 
25 30.0359 -135.599 52.6279 
25.2381 14.0148 -138.945 55.0441 
25.4762 -1.62463 -139.531 57.2794 
25.7143 -14.4701 -138.082 59.0381 
25.9524 -27.1464 -134.89 60.7128 
26.1905 -40.8412 -129.306 62.4594 
26.4286 -54.9064 -120.895 64.1891 
26.6667 -68.5601 -109.436 65.8071 
26.9048 -81.0403 -94.8946 67.2321 
27.1429 -91.6207 -77.3841 68.3962 
27.381 -98.2505 -61.3823 69.102 
27.619 -102.471 -45.7511 69.5399 
27.8571 -104.659 -30.8921 69.7636 
28.0952 -105.199 -17.4046 69.822 
28.3333 -104.648 -6.52234 69.7755 
28.5714 -103.029 5.3365 69.6326 
28.8095 -100.431 16.7102 69.4056 
29.0476 -96.957 27.476 69.1077 
29.2857 -92.0529 38.9317 68.6972 
29.5238 -85.4954 50.7137 68.1643 
29.7619 -77.5542 61.8472 67.5409 
30 -68.0603 72.2832 66.8247 
30.2381 -57.8321 81.0763 66.0866 
30.4762 -47.0699 88.252 65.3466 
30.7143 -35.7489 93.9377 64.609 
30.9524 -23.6786 98.2001 63.87 
31.1905 -13.4403 100.504 63.2836 
31.4286 -4.32536 101.602 62.7948 
31.6667 3.82468 101.844 62.3862 
31.9048 11.1631 101.467 62.0431 
32.1429 18.4378 100.53 61.7282 
32.381 26.5092 98.8155 61.411 
32.619 35.4128 96.0583 61.1052 
32.8571 45.0739 91.9547 60.8338 
33.0952 54.4486 86.7313 60.6425 
33.3333 63.8583 80.0453 60.5398 
33.5714 72.5505 72.2859 60.5485 
33.8095 79.9607 64.113 60.6632 
34.0476 85.9569 56.078 60.8579 
34.2857 91.5143 47.0101 61.1587 
34.5238 96.5015 36.8133 61.586 
34.7619 100.751 25.3597 62.1669 
35 103.783 13.71 62.8596 
35.2381 105.58 2.48454 63.6212 
35.4762 106.315 -8.07773 64.4218 
35.7143 106.205 -17.5222 65.2084 
35.9524 105.281 -27.6314 66.1279 
36.1905 103.287 -38.6815 67.2316 
36.4286 99.9835 -50.3855 68.5252 
36.6667 95.1378 -62.4854 70.0188 
36.9048 88.5223 -74.6909 71.7225 
37.1429 79.9192 -86.6518 73.6443 
37.381 69.1305 -97.9362 75.7879 
37.619 55.9916 -108.011 78.1513 
37.8571 40.7498 -116.069 80.6672 
38.0952 24.7799 -121.218 83.1174 
38.3333 8.74106 -123.47 85.4318 
38.5714 -4.82085 -123.242 87.2943 
38.8095 -18.3314 -121.079 89.0749 
39.0476 -31.2834 -117.104 90.7178 
39.2857 -45.1705 -110.544 92.4139 
39.5238 -59.1703 -101.065 94.0568 
39.7619 -72.5069 -88.5088 95.5579 
40 -84.4283 -72.8923 96.8414 
40.2381 -92.8861 -57.3836 97.7118 
40.4762 -98.7626 -42.0212 98.2893 
40.7143 -102.447 -27.2647 98.632 
40.9524 -104.33 -13.4889 98.7919 
41.1905 -104.806 -1.0645 98.8166 
41.4286 -104.316 9.44716 98.7542 
41.6667 -102.892 20.5846 98.6074 
41.9048 -100.348 32.2951 98.364 
42.1429 -96.389 44.7063 98.0041 
42.381 -90.9812 57.0959 97.5339 
42.619 -84.2163 68.9235 96.9701 
42.8571 -76.0428 80.0772 96.3177 
43.0952 -66.3626 90.4288 95.5801 
43.3333 -56.0275 99.0673 94.8306 
43.5714 -45.1573 106.101 94.0827 
43.8095 -36.2607 110.566 93.501 
44.0476 -27.8481 113.85 92.9764 
44.2857 -18.9429 116.418 92.4489 
44.5238 -10.625 118.024 91.9829 
44.7619 -2.69342 118.87 91.564 
45 5.25643 119.06 91.1705 
45.2381 13.2772 118.585 90.8024 
45.4762 20.6266 117.554 90.4928 
45.7143 28.8803 115.696 90.1797 
45.9524 36.999 113.108 89.9118 
46.1905 45.1411 109.697 89.6886 
46.4286 53.4557 105.285 89.5157 
46.6667 62.0849 99.5707 89.4072 
46.9048 71.1803 92.0476 89.392 
47.1429 78.5323 84.5492 89.4781 
47.381 84.9646 76.6159 89.6532 
47.619 90.8583 67.7913 89.9307 
47.8571 96.2002 57.8702 90.3315 
48.0952 100.843 46.7316 90.8811 
48.3333 104.463 34.7044 91.583 
48.5714 106.816 22.4453 92.4092 
48.8095 107.895 10.5273 93.3186 
49.0476 107.847 -0.845928 94.2865 
49.2857 106.862 -11.3739 95.2742 
49.5238 105.209 -20.7083 96.2292 
49.7619 102.433 -31.1846 97.3987 
50 99.9944 -38.1847 98.2443 
