PARAMETRIC_CURVE_CARTESIAN_3D
body_RK4_1
t1: 0
t2: 50
NumPoints: 211
0 0 0 0 
0.238095 -7.10698e-06 0.0244125 0.0488269 
0.47619 -0.000127643 0.103179 0.206392 
0.714286 -0.000639656 0.229905 0.459972 
0.952381 -0.00185943 0.389482 0.779408 
1.19048 -0.00391932 0.561186 1.12323 
1.42857 -0.00684244 0.735238 1.47182 
1.66667 -0.0106096 0.907212 1.81619 
1.90476 -0.0151919 1.07523 2.15243 
2.14286 -0.0205629 1.23867 2.47913 
2.38095 -0.0267043 1.39765 2.79625 
2.61905 -0.0336085 1.55273 3.10465 
2.85714 -0.0412801 1.70482 3.40583 
3.09524 -0.0497384 1.85518 3.70188 
3.33333 -0.0590213 2.00542 3.99554 
3.57143 -0.0691939 2.15777 4.29054 
3.80952 -0.0803715 2.31544 4.59236 
4.04762 -0.0927816 2.4839 4.9103 
4.28571 -0.105269 2.65168 5.2218 
4.52381 -0.114842 2.78265 5.46122 
4.7619 -0.123069 2.89942 5.67189 
5 -0.131043 3.01899 5.88491 
5.2381 -0.137991 3.13117 6.08241 
5.47619 -0.145216 3.26024 6.30697 
5.71429 -0.152359 3.40863 6.56191 
5.95238 -0.158736 3.57532 6.84465 
6.19048 -0.16319 3.73897 7.11904 
6.42857 -0.1657 3.89341 7.37557 
6.66667 -0.166556 4.04429 7.62432 
6.90476 -0.165847 4.19606 7.87307 
7.14286 -0.163466 4.35461 8.13169 
7.38095 -0.1591 4.52508 8.40869 
7.61905 -0.152256 4.71208 8.7117 
7.85714 -0.142154 4.92199 9.05119 
8.09524 -0.128226 5.15364 9.42557 
8.33333 -0.112757 5.37015 9.77562 
8.57143 -0.0954668 5.58229 10.119 
8.80952 -0.0732117 5.82574 10.5139 
9.04762 -0.0454807 6.09822 10.9573 
9.28571 -0.012113 6.3955 11.443 
9.52381 0.0254768 6.70267 11.9473 
9.7619 0.0741095 7.06945 12.5532 
10 0.131781 7.47253 13.2242 
10.2381 0.199826 7.91633 13.9694 
10.4762 0.279455 8.40414 14.797 
10.7143 0.371876 8.93931 15.7155 
10.9524 0.477848 9.52312 16.7307 
11.1905 0.587817 10.1044 17.7556 
11.4286 0.699156 10.6742 18.7749 
11.6667 0.808647 11.2214 19.7674 
11.9048 0.89922 11.6669 20.5861 
12.1429 0.990138 12.1099 21.4096 
12.381 1.08641 12.5764 22.2874 
12.619 1.19018 13.0789 23.2454 
12.8571 1.29759 13.6019 24.2571 
13.0952 1.40516 14.133 25.3002 
13.3333 1.50977 14.6623 26.3562 
13.5714 1.59609 15.1148 27.2723 
13.8095 1.66823 15.5098 28.0828 
14.0476 1.72811 15.8555 28.7999 
14.2857 1.77484 16.1418 29.3997 
14.5238 1.80854 16.3613 29.8628 
14.7619 1.84176 16.5931 30.3548 
15 1.87014 16.8086 30.8145 
15.2381 1.89031 16.9761 31.1734 
15.4762 1.90898 17.1471 31.5405 
15.7143 1.92628 17.3265 31.9264 
15.9524 1.94194 17.5185 32.3392 
16.1905 1.95485 17.718 32.7674 
16.4286 1.96397 17.9128 33.1833 
16.6667 1.96933 18.0935 33.5659 
16.9048 1.97164 18.2456 33.8846 
17.1429 1.97217 18.3618 34.1256 
17.381 1.97192 18.4561 34.3192 
17.619 1.97109 18.555 34.5206 
17.8571 1.96974 18.6577 34.7274 
18.0952 1.96788 18.7689 34.9486 
18.3333 1.96556 18.8913 35.189 
18.5714 1.96367 18.9883 35.3774 
18.8095 1.96182 19.0875 35.5677 
19.0476 1.95996 19.2002 35.7817 
19.2857 1.95833 19.3276 36.0207 
19.5238 1.95738 19.4504 36.2486 
19.7619 1.95714 19.5708 36.4697 
20 1.95764 19.6887 36.6848 
20.2381 1.95893 19.8076 36.8999 
20.4762 1.96179 19.9615 37.1768 
20.7143 1.96656 20.1326 37.4826 
20.9524 1.97305 20.3054 37.7902 
21.1905 1.9818 20.491 38.1195 
21.4286 1.99345 20.6954 38.4817 
21.6667 2.00871 20.923 38.8848 
21.9048 2.02647 21.1546 39.2955 
22.1429 2.04547 21.3772 39.6911 
22.381 2.0646 21.5837 40.0591 
22.619 2.086 21.7999 40.4456 
22.8571 2.11218 22.0483 40.8915 
23.0952 2.14229 22.3182 41.3785 
23.3333 2.1788 22.629 41.9424 
23.5714 2.2212 22.9733 42.5717 
23.8095 2.27001 23.3542 43.2732 
24.0476 2.32567 23.7744 44.0541 
24.2857 2.38851 24.237 44.9224 
24.5238 2.45866 24.7451 45.8867 
24.7619 2.53487 25.2939 46.9405 
25 2.61028 25.8399 48.0017 
25.2381 2.68273 26.3736 49.0511 
25.4762 2.74999 26.8828 50.0638 
25.7143 2.80302 27.2985 50.8986 
25.9524 2.85355 27.7111 51.7344 
26.1905 2.90626 28.1653 52.6629 
26.4286 2.95841 28.6496 53.6623 
26.6667 3.00709 29.1508 54.7065 
26.9048 3.0498 29.6579 55.7734 
27.1429 3.08451 30.1629 56.8454 
27.381 3.10539 30.5616 57.6983 
27.619 3.1182 30.9118 58.4515 
27.8571 3.12456 31.2184 59.1135 
28.0952 3.12597 31.4797 59.6795 
28.3333 3.12425 31.6815 60.1174 
28.5714 3.11955 31.8945 60.5795 
28.8095 3.11223 32.0938 61.012 
29.0476 3.10267 32.2798 61.4151 
29.2857 3.08943 32.4772 61.8417 
29.5238 3.07206 32.6828 62.284 
29.7619 3.05138 32.884 62.7138 
30 3.02703 33.085 63.139 
30.2381 3.00114 33.2724 63.5302 
30.4762 2.97415 33.449 63.8932 
30.7143 2.94595 33.6202 64.2389 
30.9524 2.91602 33.7927 64.5805 
31.1905 2.89066 33.9348 64.8562 
31.4286 2.86805 34.0603 65.0952 
31.6667 2.84778 34.173 65.3066 
31.9048 2.82946 34.2759 65.4968 
32.1429 2.81121 34.3803 65.687 
32.381 2.79081 34.4998 65.9018 
32.619 2.76808 34.638 66.1464 
32.8571 2.74306 34.7981 66.4254 
33.0952 2.7183 34.9674 66.7157 
33.3333 2.69281 35.1565 67.0352 
33.5714 2.66849 35.3553 67.3668 
33.8095 2.6469 35.5515 67.6904 
34.0476 2.62862 35.737 67.9935 
34.2857 2.61072 35.9416 68.3256 
34.5238 2.59341 36.1694 68.6929 
34.7619 2.57699 36.426 69.1041 
35 2.56319 36.6909 69.5267 
35.2381 2.55247 36.9527 69.9427 
35.4762 2.54465 37.2069 70.3455 
35.7143 2.53955 37.4424 70.718 
35.9524 2.53616 37.705 71.1328 
36.1905 2.5351 38.0072 71.6096 
36.4286 2.53738 38.3487 72.148 
36.6667 2.54409 38.7313 72.7513 
36.9048 2.55645 39.1575 73.4242 
37.1429 2.57587 39.6307 74.1727 
37.381 2.60391 40.154 75.0036 
37.619 2.64225 40.7309 75.9246 
37.8571 2.69144 41.351 76.9216 
38.0952 2.74769 41.9667 77.9202 
38.3333 2.80866 42.5651 78.9004 
38.5714 2.86367 43.0637 79.7249 
38.8095 2.92172 43.5597 80.5529 
39.0476 2.98068 44.0401 81.3628 
39.2857 3.04805 44.5679 82.262 
39.5238 3.12137 45.1244 83.2215 
39.7619 3.19823 45.6953 84.2186 
40 3.2762 46.2691 85.2343 
40.2381 3.3414 46.7508 86.0983 
40.4762 3.39744 47.1713 86.861 
40.7143 3.44499 47.5373 87.5313 
40.9524 3.48474 47.8536 88.1158 
41.1905 3.51723 48.1225 88.6164 
41.4286 3.54246 48.3404 89.0245 
41.6667 3.56707 48.5637 89.4447 
41.9048 3.59072 48.7922 89.8768 
42.1429 3.61338 49.0298 90.328 
42.381 3.63358 49.2657 90.7772 
42.619 3.65063 49.4933 91.2116 
42.8571 3.66464 49.7154 91.6352 
43.0952 3.67577 49.9349 92.053 
43.3333 3.68357 50.1376 92.4364 
43.5714 3.68882 50.3282 92.7943 
43.8095 3.6916 50.4728 93.0634 
44.0476 3.69336 50.6031 93.3039 
44.2857 3.6946 50.7366 93.5478 
44.5238 3.6954 50.8588 93.7689 
44.7619 3.69602 50.9744 93.9761 
45 3.69666 51.0906 94.1823 
45.2381 3.69748 51.2093 94.3909 
45.4762 3.69854 51.3202 94.5841 
45.7143 3.70025 51.4487 94.8059 
45.9524 3.7027 51.5805 95.0314 
46.1905 3.70619 51.72 95.2682 
46.4286 3.71119 51.8724 95.5249 
46.6667 3.71843 52.0447 95.8133 
46.9048 3.72924 52.2479 96.1515 
47.1429 3.74137 52.4351 96.462 
47.381 3.75563 52.6232 96.7736 
47.619 3.77317 52.8254 97.1085 
47.8571 3.79498 53.0479 97.4777 
48.0952 3.82214 53.2954 97.8898 
48.3333 3.85469 53.5636 98.3386 
48.5714 3.89147 53.8412 98.806 
48.8095 3.93093 54.1179 99.2754 
49.0476 3.97225 54.3907 99.7418 
49.2857 4.01401 54.6531 100.194 
49.5238 4.05415 54.8956 100.615 
49.7619 4.10313 55.1813 101.116 
50 4.13849 55.382 101.47 
