PARAMETRIC_CURVE_CARTESIAN_3D
body_RK4_5
t1: 0
t2: 50
NumPoints: 211
0 70 -110 70 
0.238095 69.5098 -108.776 70.7305 
0.47619 67.9008 -104.785 73.0603 
0.714286 65.2226 -98.2242 76.7146 
0.952381 61.6862 -89.7139 81.1274 
1.19048 57.6672 -80.2434 85.5994 
1.42857 53.3571 -70.3121 89.7859 
1.66667 48.8577 -60.1803 93.5176 
1.90476 44.2281 -49.9935 96.7097 
2.14286 39.5055 -39.8396 99.3202 
2.38095 34.714 -29.7716 101.331 
2.61905 29.8674 -19.8187 102.738 
2.85714 24.9705 -9.98937 103.541 
3.09524 20.018 -0.272737 103.745 
3.33333 14.992 9.36422 103.343 
3.57143 9.85674 18.9845 102.319 
3.80952 4.54526 28.7005 100.622 
4.04762 -1.07474 38.7275 98.1386 
4.28571 -6.56709 48.2804 95.04 
4.52381 -10.7562 55.4058 92.2374 
4.7619 -14.4057 61.5015 89.4893 
5 -18.0515 67.4879 86.4609 
5.2381 -21.3845 72.8714 83.446 
5.47619 -25.1118 78.791 79.7971 
5.71429 -29.2547 85.2466 75.398 
5.95238 -33.7304 92.0743 70.2401 
6.19048 -37.948 98.3691 64.9938 
6.42857 -41.7755 103.964 59.908 
6.66667 -45.3788 109.129 54.8362 
6.90476 -48.8756 114.047 49.6495 
7.14286 -52.3991 118.906 44.1577 
7.38095 -56.0487 123.837 38.1856 
7.61905 -59.8971 128.923 31.5719 
7.85714 -64.0365 134.262 24.0912 
8.09524 -68.3993 139.74 15.788 
8.33333 -72.2962 144.5 8.00117 
8.57143 -75.9571 148.856 0.360934 
8.80952 -79.9798 153.511 -8.40547 
9.04762 -84.2722 158.322 -18.1995 
9.28571 -88.7221 163.135 -28.8466 
9.52381 -93.0851 167.676 -39.7915 
9.7619 -98.0088 172.58 -52.768 
10 -103.093 177.389 -66.8966 
10.2381 -108.333 182.059 -82.278 
10.4762 -113.704 186.525 -98.9623 
10.7143 -119.177 190.719 -116.992 
10.9524 -124.7 194.555 -136.332 
11.1905 -129.784 197.702 -155.251 
11.4286 -134.409 200.213 -173.485 
11.6667 -138.546 202.146 -190.709 
11.9048 -141.713 203.405 -204.539 
12.1429 -144.695 204.401 -218.12 
12.381 -147.668 205.193 -232.249 
12.619 -150.691 205.772 -247.275 
12.8571 -153.652 206.093 -262.717 
13.0952 -156.478 206.147 -278.201 
13.3333 -159.124 205.944 -293.448 
13.5714 -161.259 205.579 -306.339 
13.8095 -163.031 205.123 -317.493 
14.0476 -164.514 204.624 -327.175 
14.2857 -165.696 204.141 -335.14 
14.5238 -166.574 203.731 -341.21 
14.7619 -167.474 203.26 -347.582 
15 -168.287 202.79 -353.468 
15.2381 -168.902 202.402 -358.016 
15.4762 -169.515 201.989 -362.63 
15.7143 -170.141 201.536 -367.434 
15.9524 -170.792 201.031 -372.525 
16.1905 -171.446 200.487 -377.754 
16.4286 -172.061 199.938 -382.782 
16.6667 -172.61 199.416 -387.365 
16.9048 -173.056 198.97 -391.152 
17.1429 -173.386 198.625 -393.997 
17.381 -173.647 198.344 -396.272 
17.619 -173.914 198.048 -398.629 
17.8571 -174.184 197.739 -401.038 
18.0952 -174.469 197.405 -403.603 
18.3333 -174.773 197.035 -406.377 
18.5714 -175.007 196.742 -408.542 
18.8095 -175.24 196.443 -410.72 
19.0476 -175.499 196.102 -413.16 
19.2857 -175.783 195.716 -415.872 
19.5238 -176.048 195.343 -418.447 
19.7619 -176.302 194.977 -420.935 
20 -176.544 194.617 -423.344 
20.2381 -176.783 194.252 -425.745 
20.4762 -177.084 193.777 -428.819 
20.7143 -177.409 193.245 -432.196 
20.9524 -177.729 192.702 -435.573 
21.1905 -178.062 192.111 -439.166 
21.4286 -178.418 191.453 -443.091 
21.6667 -178.802 190.708 -447.428 
21.9048 -179.181 189.936 -451.81 
22.1429 -179.533 189.182 -455.998 
22.381 -179.85 188.47 -459.866 
22.619 -180.172 187.713 -463.896 
22.8571 -180.531 186.827 -468.509 
23.0952 -180.906 185.845 -473.5 
23.3333 -181.319 184.69 -479.22 
23.5714 -181.755 183.38 -485.528 
23.8095 -182.21 181.892 -492.469 
24.0476 -182.68 180.205 -500.084 
24.2857 -183.157 178.294 -508.417 
24.5238 -183.636 176.129 -517.508 
24.7619 -184.097 173.715 -527.252 
25 -184.501 171.238 -536.87 
25.2381 -184.843 168.745 -546.194 
25.4762 -185.12 166.301 -555.02 
25.7143 -185.311 164.261 -562.172 
25.9524 -185.47 162.194 -569.223 
26.1905 -185.61 159.873 -576.932 
26.4286 -185.719 157.346 -585.087 
26.6667 -185.787 154.676 -593.453 
26.9048 -185.812 151.917 -601.843 
27.1429 -185.792 149.116 -610.119 
27.381 -185.745 146.867 -616.595 
27.619 -185.681 144.866 -622.236 
27.8571 -185.608 143.096 -627.136 
28.0952 -185.534 141.575 -631.284 
28.3333 -185.468 140.393 -634.465 
28.5714 -185.392 139.141 -637.799 
28.8095 -185.314 137.966 -640.895 
29.0476 -185.236 136.866 -643.763 
29.2857 -185.147 135.698 -646.777 
29.5238 -185.049 134.482 -649.882 
29.7619 -184.948 133.297 -652.877 
30 -184.841 132.12 -655.822 
30.2381 -184.738 131.034 -658.515 
30.4762 -184.638 130.023 -660.999 
30.7143 -184.539 129.056 -663.354 
30.9524 -184.437 128.098 -665.669 
31.1905 -184.353 127.323 -667.53 
31.4286 -184.277 126.649 -669.138 
31.6667 -184.209 126.052 -670.556 
31.9048 -184.146 125.513 -671.83 
32.1429 -184.082 124.973 -673.1 
32.381 -184.009 124.361 -674.532 
32.619 -183.923 123.663 -676.158 
32.8571 -183.824 122.865 -678.007 
33.0952 -183.717 122.031 -679.926 
33.3333 -183.597 121.11 -682.03 
33.5714 -183.468 120.15 -684.207 
33.8095 -183.339 119.21 -686.323 
34.0476 -183.216 118.326 -688.3 
34.2857 -183.077 117.354 -690.456 
34.5238 -182.92 116.275 -692.832 
34.7619 -182.738 115.062 -695.481 
35 -182.546 113.81 -698.189 
35.2381 -182.352 112.573 -700.84 
35.4762 -182.158 111.37 -703.395 
35.7143 -181.975 110.254 -705.745 
35.9524 -181.766 109.007 -708.348 
36.1905 -181.52 107.568 -711.321 
36.4286 -181.233 105.936 -714.655 
36.6667 -180.902 104.102 -718.358 
36.9048 -180.521 102.047 -722.447 
37.1429 -180.082 99.7522 -726.943 
37.381 -179.577 97.1957 -731.867 
37.619 -178.996 94.3529 -737.239 
37.8571 -178.343 91.2676 -742.951 
38.0952 -177.666 88.1712 -748.562 
38.3333 -176.978 85.1288 -753.959 
38.5714 -176.384 82.5684 -758.416 
38.8095 -175.772 79.997 -762.814 
39.0476 -175.16 77.483 -767.04 
39.2857 -174.465 74.6936 -771.646 
39.5238 -173.707 71.7205 -776.461 
39.7619 -172.901 68.6359 -781.355 
40 -172.062 65.4998 -786.227 
40.2381 -171.335 62.838 -790.283 
40.4762 -170.684 60.4932 -793.796 
40.7143 -170.104 58.4364 -796.831 
40.9524 -169.592 56.6467 -799.439 
41.1905 -169.15 55.1166 -801.643 
41.4286 -168.788 53.8715 -803.42 
41.6667 -168.412 52.5912 -805.231 
41.9048 -168.023 51.2772 -807.074 
42.1429 -167.614 49.9072 -808.977 
42.381 -167.204 48.5461 -810.851 
42.619 -166.806 47.2323 -812.643 
42.8571 -166.415 45.9539 -814.372 
43.0952 -166.028 44.6954 -816.059 
43.3333 -165.67 43.5424 -817.591 
43.5714 -165.335 42.4681 -819.008 
43.8095 -165.082 41.6614 -820.065 
44.0476 -164.856 40.9412 -821.004 
44.2857 -164.625 40.2112 -821.951 
44.5238 -164.415 39.55 -822.804 
44.7619 -164.218 38.9309 -823.599 
45 -164.021 38.3151 -824.387 
45.2381 -163.822 37.6927 -825.18 
45.4762 -163.637 37.116 -825.911 
45.7143 -163.423 36.4547 -826.747 
45.9524 -163.206 35.7823 -827.592 
46.1905 -162.977 35.0768 -828.474 
46.4286 -162.727 34.312 -829.426 
46.6667 -162.446 33.4531 -830.489 
46.9048 -162.115 32.4463 -831.727 
47.1429 -161.81 31.5227 -832.854 
47.381 -161.502 30.596 -833.978 
47.619 -161.17 29.6005 -835.177 
47.8571 -160.802 28.5038 -836.488 
48.0952 -160.389 27.2804 -837.938 
48.3333 -159.937 25.9491 -839.502 
48.5714 -159.464 24.5636 -841.113 
48.8095 -158.986 23.1734 -842.713 
49.0476 -158.508 21.7931 -844.286 
49.2857 -158.043 20.4558 -845.795 
49.5238 -157.607 19.2112 -847.186 
49.7619 -157.086 17.7336 -848.82 
50 -156.715 16.6889 -849.965 
