PARAMETRIC_CURVE_CARTESIAN_3D
body_RK4_4
t1: 0
t2: 50
NumPoints: 211
0 -20 100 -110 
0.238095 -18.7788 99.9973 -109.997 
0.47619 -14.831 99.9524 -109.948 
0.714286 -8.46008 99.7627 -109.738 
0.952381 -0.416871 99.3154 -109.244 
1.19048 8.24132 98.5722 -108.421 
1.42857 16.9946 97.5402 -107.275 
1.66667 25.591 96.2456 -105.834 
1.90476 33.9096 94.7196 -104.131 
2.14286 41.8971 92.9921 -102.199 
2.38095 49.5391 91.0887 -100.064 
2.61905 56.8461 89.0287 -97.7486 
2.85714 63.8459 86.8238 -95.2644 
3.09524 70.5796 84.4767 -92.6138 
3.33333 77.1014 81.979 -89.7866 
3.57143 83.4822 79.3069 -86.7551 
3.80952 89.8213 76.4118 -83.4626 
4.04762 96.2799 73.1947 -79.7949 
4.28571 102.379 69.8855 -76.0124 
4.52381 106.908 67.2421 -72.9842 
4.7619 110.775 64.8481 -70.2363 
5 114.571 62.3657 -67.3819 
5.2381 117.985 60.0112 -64.6698 
5.47619 121.743 57.2756 -61.5129 
5.71429 125.846 54.0987 -57.839 
5.95238 130.191 50.4931 -53.6592 
6.19048 134.198 46.9177 -49.5039 
6.42857 137.754 43.5131 -45.5373 
6.66667 141.027 40.1598 -41.6213 
6.90476 144.126 36.7604 -37.6419 
7.14286 147.16 33.1827 -33.4436 
7.38095 150.2 29.3074 -28.8841 
7.61905 153.275 25.0247 -23.8311 
7.85714 156.409 20.1825 -18.0998 
8.09524 159.487 14.8015 -11.7089 
8.33333 162.009 9.74407 -5.68133 
8.57143 164.153 4.76916 0.267458 
8.80952 166.22 -0.954662 7.13578 
9.04762 168.046 -7.3665 14.8606 
9.28571 169.459 -14.3506 23.3132 
9.52381 170.3 -21.5339 32.0508 
9.7619 170.502 -30.0366 42.4543 
10 169.748 -39.2465 53.8045 
10.2381 167.781 -49.173 66.1428 
10.4762 164.311 -59.7627 79.4408 
10.7143 159.018 -70.9195 93.6262 
10.9524 151.588 -82.4553 108.519 
11.1905 142.61 -93.202 122.648 
11.4286 132.407 -102.956 135.743 
11.6667 121.421 -111.541 147.546 
11.9048 111.691 -117.937 156.563 
12.1429 101.38 -123.744 164.972 
12.381 89.8948 -129.248 173.203 
12.619 76.8752 -134.451 181.325 
12.8571 62.687 -139.047 188.933 
13.0952 47.6983 -142.836 195.745 
13.3333 32.2636 -145.71 201.591 
13.5714 18.7431 -147.436 205.818 
13.8095 6.73484 -148.383 208.916 
14.0476 -3.89201 -148.775 211.163 
14.2857 -12.7611 -148.788 212.692 
14.5238 -19.5858 -148.605 213.656 
14.7619 -26.8057 -148.229 214.476 
15 -33.517 -147.711 215.055 
15.2381 -38.7282 -147.195 215.382 
15.4762 -44.0315 -146.569 215.606 
15.7143 -49.5701 -145.804 215.719 
15.9524 -55.4524 -144.866 215.705 
16.1905 -61.5029 -143.764 215.543 
16.4286 -67.3252 -142.57 215.245 
16.6667 -72.6314 -141.364 214.849 
16.9048 -77.0124 -140.283 214.431 
17.1429 -80.3006 -139.419 214.062 
17.381 -82.9271 -138.696 213.732 
17.619 -85.644 -137.917 213.359 
17.8571 -88.4168 -137.089 212.943 
18.0952 -91.3642 -136.172 212.462 
18.3333 -94.5456 -135.137 211.896 
18.5714 -97.0215 -134.3 211.422 
18.8095 -99.5075 -133.43 210.916 
19.0476 -102.285 -132.423 210.314 
19.2857 -105.363 -131.264 209.601 
19.5238 -108.274 -130.123 208.881 
19.7619 -111.075 -128.984 208.146 
20 -113.779 -127.846 207.395 
20.2381 -116.46 -126.677 206.61 
20.4762 -119.876 -125.131 205.55 
20.7143 -123.605 -123.365 204.313 
20.9524 -127.304 -121.531 203.001 
21.1905 -131.206 -119.501 201.521 
21.4286 -135.426 -117.193 199.803 
21.6667 -140.031 -114.53 197.783 
21.9048 -144.618 -111.718 195.608 
22.1429 -148.934 -108.916 193.403 
22.381 -152.856 -106.228 191.256 
22.619 -156.872 -103.324 188.905 
22.8571 -161.375 -99.8689 186.068 
23.0952 -166.124 -95.9725 182.823 
23.3333 -171.395 -91.3033 178.877 
23.5714 -176.975 -85.8993 174.239 
23.8095 -182.806 -79.6423 168.787 
24.0476 -188.787 -72.4001 162.378 
24.2857 -194.775 -64.0224 154.85 
24.5238 -200.559 -54.3421 146.018 
24.7619 -205.778 -43.3463 135.834 
25 -209.795 -31.8755 125.059 
25.2381 -212.469 -20.1894 113.941 
25.4762 -213.753 -8.63823 102.826 
25.7143 -213.801 1.0453 93.4208 
25.9524 -212.891 10.8527 83.8189 
26.1905 -210.704 21.8315 72.9842 
26.4286 -206.903 33.6859 61.189 
26.6667 -201.253 46.0246 48.8102 
26.9048 -193.627 58.4734 36.2189 
27.1429 -183.997 70.6923 23.7626 
27.381 -174.88 80.1068 14.0992 
27.619 -165.731 88.1204 5.828 
27.8571 -156.83 94.877 -1.17925 
28.0952 -148.576 100.404 -6.93486 
28.3333 -141.787 104.499 -11.2132 
28.5714 -134.238 108.633 -15.5446 
28.8095 -126.822 112.309 -19.4064 
29.0476 -119.608 115.552 -22.8236 
29.2857 -111.662 118.779 -26.2306 
29.5238 -103.092 121.882 -29.5161 
29.7619 -94.4562 124.643 -32.4465 
30 -85.6216 127.113 -35.0728 
30.2381 -77.2517 129.139 -37.2318 
30.4762 -69.2903 130.797 -39.0008 
30.7143 -61.5409 132.168 -40.4648 
30.9524 -53.7364 133.315 -41.6891 
31.1905 -47.3388 134.083 -42.5093 
31.4286 -41.7253 134.633 -43.0947 
31.6667 -36.7144 135.026 -43.5123 
31.9048 -32.1684 135.304 -43.806 
32.1429 -27.5933 135.509 -44.0201 
32.381 -22.3909 135.65 -44.1644 
32.619 -16.4291 135.694 -44.2 
32.8571 -9.5871 135.587 -44.0697 
33.0952 -2.43011 135.296 -43.7364 
33.3333 5.47419 134.76 -43.1314 
33.5714 13.6893 133.961 -42.2348 
33.8095 21.6996 132.941 -41.0915 
34.0476 29.1798 131.768 -39.7774 
34.2857 37.3244 130.241 -38.0666 
34.5238 46.2466 128.258 -35.843 
34.7619 56.0932 125.676 -32.9418 
35 66.0072 122.632 -29.5132 
35.2381 75.5171 119.259 -25.7053 
35.4762 84.4532 115.65 -21.6192 
35.7143 92.4432 112.025 -17.505 
35.9524 100.996 107.682 -12.5618 
36.1905 110.337 102.319 -6.43541 
36.4286 120.199 95.8267 1.00897 
36.6667 130.315 88.073 9.94195 
36.9048 140.367 78.9241 20.5398 
37.1429 149.955 68.2665 32.9636 
37.381 158.598 56.0289 47.3344 
37.619 165.729 42.2036 63.7093 
37.8571 170.638 27.2079 81.6482 
38.0952 172.794 12.4162 99.5398 
38.3333 172.433 -1.66601 116.775 
38.5714 170.394 -13.0581 130.882 
38.8095 166.901 -24.0012 144.588 
39.0476 162.215 -34.1659 157.478 
39.2857 155.696 -44.7792 171.128 
39.5238 147.391 -55.2813 184.866 
39.7619 137.481 -65.2626 198.189 
40 126.24 -74.4349 210.729 
40.2381 115.908 -81.4408 220.561 
40.4762 106.287 -87.0189 228.598 
40.7143 97.4989 -91.4549 235.165 
40.9524 89.619 -94.9693 240.512 
41.1905 82.7296 -97.7203 244.812 
41.4286 77.0301 -99.7875 248.128 
41.6667 71.0908 -101.754 251.367 
41.9048 64.9206 -103.604 254.51 
42.1429 58.4156 -105.354 257.594 
42.381 51.8891 -106.913 260.463 
42.619 45.5374 -108.249 263.049 
42.8571 39.3143 -109.392 265.393 
43.0952 33.1543 -110.365 267.537 
43.3333 27.486 -111.126 269.358 
43.5714 22.1877 -111.724 270.932 
43.8095 18.2006 -112.102 272.037 
44.0476 14.6365 -112.39 272.968 
44.2857 11.0206 -112.632 273.858 
44.5238 7.74317 -112.81 274.619 
44.7619 4.67297 -112.941 275.291 
45 1.61926 -113.037 275.921 
45.2381 -1.46718 -113.098 276.52 
45.4762 -4.32588 -113.125 277.041 
45.7143 -7.60296 -113.118 277.597 
45.9524 -10.9324 -113.072 278.119 
46.1905 -14.422 -112.981 278.618 
46.4286 -18.1997 -112.832 279.105 
46.6667 -22.4348 -112.604 279.583 
46.9048 -27.3869 -112.255 280.053 
47.1429 -31.9161 -111.858 280.398 
47.381 -36.4449 -111.386 280.662 
47.619 -41.2908 -110.797 280.854 
47.8571 -46.6037 -110.052 280.957 
48.0952 -52.4953 -109.101 280.938 
48.3333 -58.8587 -107.926 280.759 
48.5714 -65.4233 -106.548 280.397 
48.8095 -71.9445 -105.008 279.856 
49.0476 -78.349 -103.325 279.145 
49.2857 -84.4807 -101.551 278.291 
49.5238 -90.1181 -99.7722 277.353 
49.7619 -96.7185 -97.5043 276.06 
50 -101.321 -95.7994 275.029 
