PARAMETRIC_CURVE_CARTESIAN_3D
body_RK4_3
t1: 0
t2: 50
NumPoints: 211
0 130 50 70 
0.238095 129.997 48.7781 69.9983 
0.47619 129.944 44.819 69.9701 
0.714286 129.72 38.3991 69.8497 
0.952381 129.182 30.2366 69.5615 
1.19048 128.271 21.374 69.0741 
1.42857 126.977 12.3299 68.3847 
1.66667 125.318 3.36295 67.5031 
1.90476 123.319 -5.39551 66.4439 
2.14286 121.007 -13.8799 65.2226 
2.38095 118.407 -22.0634 63.8529 
2.61905 115.535 -29.9447 62.3451 
2.85714 112.403 -37.5415 60.7051 
3.09524 109.009 -44.8865 58.9326 
3.33333 105.334 -52.0278 57.0192 
3.57143 101.34 -59.0319 54.9445 
3.80952 96.9441 -65.9968 52.6682 
4.04762 91.9867 -73.0867 50.1083 
4.28571 86.8168 -79.7615 47.4468 
4.52381 82.6418 -84.6942 45.3033 
4.7619 78.8302 -88.8837 43.3508 
5 74.8505 -92.9698 41.3165 
5.2381 71.0533 -96.6184 39.3797 
5.47619 66.6174 -100.597 37.122 
5.71429 61.4384 -104.89 34.4929 
5.95238 55.5317 -109.362 31.503 
6.19048 49.6516 -113.406 28.5357 
6.42857 44.0378 -116.917 25.7111 
6.66667 38.4999 -120.071 22.9327 
6.90476 32.8823 -122.976 20.1223 
7.14286 26.9708 -125.733 17.1737 
7.38095 20.5742 -128.389 13.9931 
7.61905 13.5196 -130.945 10.4975 
7.85714 5.56916 -133.384 6.57345 
8.09524 -3.22417 -135.565 2.25251 
8.33333 -11.4412 -137.137 -1.76685 
8.57143 -19.4735 -138.257 -5.67835 
8.80952 -28.6475 -139.051 -10.1243 
9.04762 -38.8335 -139.345 -15.0331 
9.28571 -49.8161 -138.99 -20.2922 
9.52381 -60.9887 -137.927 -25.6053 
9.7619 -74.0545 -135.799 -31.7688 
10 -88.0216 -132.471 -38.2945 
10.2381 -102.877 -127.725 -45.1582 
10.4762 -118.526 -121.344 -52.295 
10.7143 -134.836 -113.111 -59.6189 
10.9524 -151.573 -102.862 -66.997 
11.1905 -167.132 -91.5333 -73.7094 
11.4286 -181.316 -79.5018 -79.6837 
11.6667 -193.948 -67.2159 -84.8648 
11.9048 -203.53 -56.7546 -88.6898 
12.1429 -212.439 -46.001 -92.1485 
12.381 -221.165 -34.3435 -95.4269 
12.619 -229.824 -21.4567 -98.5484 
12.8571 -238.035 -7.73095 -101.355 
13.0952 -245.551 6.48295 -103.753 
13.3333 -252.229 20.8778 -105.697 
13.5714 -257.303 33.3298 -107.01 
13.8095 -261.26 44.2933 -107.898 
14.0476 -264.361 53.9381 -108.479 
14.2857 -266.677 61.9567 -108.821 
14.5238 -268.296 68.1129 -109 
14.7619 -269.859 74.6168 -109.109 
15 -271.177 80.6582 -109.139 
15.2381 -272.112 85.3485 -109.114 
15.4762 -272.985 90.123 -109.046 
15.7143 -273.813 95.1127 -108.93 
15.9524 -274.598 100.418 -108.754 
16.1905 -275.306 105.885 -108.519 
16.4286 -275.891 111.157 -108.238 
16.6667 -276.342 115.975 -107.935 
16.9048 -276.654 119.963 -107.652 
17.1429 -276.853 122.965 -107.419 
17.381 -276.99 125.367 -107.22 
17.619 -277.11 127.857 -107.002 
17.8571 -277.211 130.403 -106.766 
18.0952 -277.294 133.117 -106.502 
18.3333 -277.354 136.056 -106.2 
18.5714 -277.38 138.349 -105.952 
18.8095 -277.388 140.657 -105.692 
19.0476 -277.374 143.245 -105.389 
19.2857 -277.33 146.121 -105.036 
19.5238 -277.262 148.854 -104.685 
19.7619 -277.17 151.493 -104.333 
20 -277.057 154.05 -103.978 
20.2381 -276.921 156.598 -103.611 
20.4762 -276.712 159.86 -103.122 
20.7143 -276.437 163.443 -102.559 
20.9524 -276.115 167.023 -101.97 
21.1905 -275.719 170.832 -101.314 
21.4286 -275.224 174.988 -100.562 
21.6667 -274.601 179.574 -99.6886 
21.9048 -273.888 184.202 -98.7601 
22.1429 -273.128 188.616 -97.8292 
22.381 -272.357 192.684 -96.9313 
22.619 -271.483 196.915 -95.9562 
22.8571 -270.392 201.743 -94.7903 
23.0952 -269.102 206.95 -93.4681 
23.3333 -267.483 212.891 -91.8745 
23.5714 -265.518 219.406 -90.0186 
23.8095 -263.136 226.524 -87.8553 
24.0476 -260.253 234.266 -85.333 
24.2857 -256.767 242.641 -82.3914 
24.5238 -252.56 251.651 -78.9606 
24.7619 -247.571 261.136 -75.0207 
25 -242.146 270.299 -70.8584 
25.2381 -236.399 278.966 -66.5572 
25.4762 -230.501 286.951 -62.2374 
25.7143 -225.389 293.245 -58.5561 
25.9524 -220.048 299.284 -54.7639 
26.1905 -213.861 305.675 -50.4302 
26.4286 -206.91 312.174 -45.6264 
26.6667 -199.332 318.535 -40.4587 
26.9048 -191.267 324.568 -35.0264 
27.1429 -182.843 330.144 -29.4177 
27.381 -175.916 334.225 -24.8506 
27.619 -169.638 337.559 -20.7423 
27.8571 -163.998 340.276 -17.0746 
28.0952 -159.085 342.439 -13.897 
28.3333 -155.229 344.009 -11.4135 
28.5714 -151.106 345.567 -8.76767 
28.8095 -147.2 346.931 -6.27006 
29.0476 -143.518 348.12 -3.9228 
29.2857 -139.577 349.291 -1.41881 
29.5238 -135.443 350.408 1.19889 
29.7619 -131.383 351.397 3.76239 
30 -127.321 352.282 6.3188 
30.2381 -123.546 353.012 8.688 
30.4762 -120.011 353.616 10.901 
30.7143 -116.614 354.125 13.0225 
30.9524 -113.229 354.564 15.1318 
31.1905 -110.476 354.87 16.8436 
31.4286 -108.073 355.102 18.3348 
31.6667 -105.937 355.279 19.6588 
31.9048 -104.005 355.417 20.8551 
32.1429 -102.064 355.534 22.0553 
32.381 -99.8595 355.64 23.4164 
32.619 -97.3353 355.728 24.9728 
32.8571 -94.4371 355.785 26.7569 
33.0952 -91.3996 355.793 28.6236 
33.3333 -88.0317 355.742 30.6894 
33.5714 -84.5092 355.621 32.8457 
33.8095 -81.0448 355.435 34.9624 
34.0476 -77.7755 355.198 36.9562 
34.2857 -74.1692 354.869 39.1514 
34.5238 -70.1504 354.418 41.5928 
34.7619 -65.6135 353.801 44.3428 
35 -60.9129 353.043 47.1854 
35.2381 -56.2501 352.171 49.9986 
35.4762 -51.7009 351.204 52.7371 
35.7143 -47.4669 350.201 55.2806 
35.9524 -42.7234 348.958 58.1242 
36.1905 -37.2353 347.361 61.4064 
36.4286 -30.9964 345.338 65.1278 
36.6667 -23.9608 342.785 69.3122 
36.9048 -16.0659 339.571 73.9927 
37.1429 -7.23972 335.527 79.2069 
37.381 2.5918 330.44 84.9929 
37.619 13.4994 324.038 91.3856 
37.8571 25.274 316.167 98.2558 
38.0952 36.9817 307.258 105.056 
38.3333 48.3281 297.475 111.617 
38.5714 57.7145 288.415 117.024 
38.8095 66.9487 278.523 122.324 
39.0476 75.7457 268.053 127.355 
39.2857 85.1763 255.473 132.73 
39.5238 94.7571 240.904 138.171 
39.7619 104.061 224.469 143.434 
40 112.694 206.33 148.302 
40.2381 119.22 189.772 151.972 
40.4762 124.238 174.288 154.789 
40.7143 127.98 160.015 156.89 
40.9524 130.663 147.078 158.399 
41.1905 132.481 135.647 159.427 
41.4286 133.606 126.103 160.069 
41.6667 134.402 116.075 160.532 
41.9048 134.809 105.572 160.784 
42.1429 134.755 94.4163 160.79 
42.381 134.183 83.1534 160.518 
42.619 133.104 72.1453 159.974 
42.8571 131.527 61.3406 159.165 
43.0952 129.437 50.655 158.086 
43.3333 127.033 40.8605 156.84 
43.5714 124.356 31.7659 155.452 
43.8095 122.062 24.9779 154.262 
44.0476 119.804 18.9624 153.091 
44.2857 117.312 12.9203 151.8 
44.5238 114.876 7.50575 150.54 
44.7619 112.442 2.49468 149.281 
45 109.874 -2.42372 147.954 
45.2381 107.129 -7.32095 146.538 
45.4762 104.455 -11.7842 145.16 
45.7143 101.234 -16.8067 143.502 
45.9524 97.7933 -21.7979 141.734 
46.1905 94.0081 -26.8984 139.793 
46.4286 89.7086 -32.2572 137.591 
46.6667 84.6465 -38.0476 135.004 
46.9048 78.4159 -44.5047 131.829 
47.1429 72.4387 -50.0933 128.791 
47.381 66.2123 -55.3602 125.635 
47.619 59.2937 -60.6221 122.139 
47.8571 51.4307 -65.9281 118.179 
48.0952 42.4092 -71.2261 113.653 
48.3333 32.358 -76.2377 108.632 
48.5714 21.712 -80.6224 103.34 
48.8095 10.9153 -84.1846 97.9997 
49.0476 0.150042 -86.9174 92.7026 
49.2857 -10.2639 -88.8323 87.6054 
49.5238 -19.8991 -89.9983 82.9136 
49.7619 -31.2197 -90.6555 77.4317 
50 -39.1213 -90.672 73.6257 
