REAL_FUNCTION
Lorentz system - component 2
x1: 0
x2: 50
NumPoints: 500
0 1
0.1002 6.44936
0.200401 20.4581
0.300601 19.4748
0.400802 -4.35818
0.501002 -8.88075
0.601202 -8.21952
0.701403 -9.32654
0.801603 -10.3819
0.901804 -9.5598
1.002 -7.57897
1.1022 -6.56938
1.2024 -7.1748
1.30261 -8.857
1.40281 -10.3212
1.50301 -9.95977
1.60321 -7.94407
1.70341 -6.47838
1.80361 -6.82811
1.90381 -8.44865
2.00401 -10.2646
2.10421 -10.3737
2.20441 -8.31912
2.30461 -6.55041
2.40481 -6.51637
2.50501 -8.0281
2.60521 -10.021
2.70541 -10.613
2.80561 -8.89658
2.90581 -6.63244
3.00601 -6.2196
3.10621 -7.54133
3.20641 -9.65969
3.30661 -10.976
3.40681 -9.43833
3.50701 -6.89575
3.60721 -5.99846
3.70741 -7.03081
3.80762 -9.23473
3.90782 -10.9543
4.00802 -10.0833
4.10822 -7.35796
4.20842 -5.82937
4.30862 -6.52958
4.40882 -8.65342
4.50902 -10.8282
4.60922 -10.8013
4.70942 -7.89397
4.80962 -5.74756
4.90982 -6.0341
5.01002 -7.95292
5.11022 -10.5529
5.21042 -11.3611
5.31062 -8.67751
5.41082 -5.93728
5.51102 -5.58345
5.61122 -7.24236
5.71142 -9.98875
5.81162 -11.6394
5.91182 -9.67273
6.01202 -6.38523
6.11222 -5.2063
6.21242 -6.4944
6.31263 -9.2115
6.41283 -11.6353
6.51303 -10.8599
6.61323 -7.0308
6.71343 -4.96062
6.81363 -5.74297
6.91383 -8.16069
7.01403 -11.3238
7.11423 -11.8852
7.21443 -8.0946
7.31463 -5.07498
7.41483 -5.01284
7.51503 -7.11823
7.61523 -10.4664
7.71543 -12.2912
7.81563 -9.7732
7.91583 -5.50444
8.01603 -4.40066
8.11623 -5.98076
8.21643 -9.10858
8.31663 -12.3577
8.41683 -11.6903
8.51703 -6.49337
8.61723 -4.04541
8.71743 -4.87625
8.81764 -7.50601
8.91784 -11.4572
9.01804 -13.0585
9.11824 -8.60089
9.21844 -4.3468
9.31864 -3.85569
9.41884 -5.85333
9.51904 -9.62366
9.61924 -13.3109
9.71944 -11.4449
9.81964 -5.80243
9.91984 -3.12628
10.02 -4.25535
10.1202 -7.21412
10.2204 -11.6604
10.3206 -14.0796
10.4208 -8.9414
10.521 -3.22936
10.6212 -2.87517
10.7214 -4.76389
10.8216 -8.38361
10.9218 -13.638
11.022 -13.6674
11.1222 -6.00676
11.2224 -2.12957
11.3226 -2.60381
11.4228 -4.88098
11.523 -9.31105
11.6232 -14.8848
11.7234 -12.8502
11.8236 -4.75163
11.9238 -0.955669
12.024 -1.93819
12.1242 -4.04634
12.2244 -8.32473
12.3246 -14.6443
12.4248 -15.8633
12.5251 -4.34975
12.6253 0.185242
12.7255 -0.430879
12.8257 -1.49332
12.9259 -3.31322
13.0261 -7.5296
13.1263 -16.405
13.2265 -16.4232
13.3267 -3.64037
13.4269 2.7043
13.5271 2.32634
13.6273 2.88508
13.7275 5.61872
13.8277 12.1285
13.9279 17.5735
14.0281 10.088
14.1283 -0.222795
14.2285 -1.34656
14.3287 -0.674552
14.4289 -0.777672
14.5291 -1.62191
14.6293 -4.02471
14.7295 -10.458
14.8297 -19.8235
14.9299 -13.4243
15.0301 3.52045
15.1303 4.38662
15.2305 4.88531
15.3307 7.77779
15.4309 13.1613
15.5311 14.3563
15.6313 7.31533
15.7315 2.05425
15.8317 2.06665
15.9319 4.05343
16.0321 7.88298
16.1323 14.0552
16.2325 14.6324
16.3327 6.60579
16.4329 0.734022
16.5331 1.16657
16.6333 2.79157
16.7335 5.85853
16.8337 12.0489
16.9339 17.0441
17.0341 10.0539
17.1343 -0.127633
17.2345 -0.662747
17.3347 0.0862111
17.4349 0.627818
17.5351 1.5084
17.6353 3.68403
17.7355 9.44943
17.8357 20.6949
17.9359 12.7433
18.0361 -1.25452
18.1363 -4.97775
18.2365 -4.92827
18.3367 -7.70113
18.4369 -12.8679
18.5371 -14.2151
18.6373 -7.93642
18.7375 -2.1598
18.8377 -2.15894
18.9379 -4.13666
19.0381 -7.97502
19.1383 -13.6567
19.2385 -15.0801
19.3387 -6.21693
19.4389 -0.941744
19.5391 -1.43433
19.6393 -3.10847
19.7395 -6.27111
19.8397 -12.6982
19.9399 -17.1956
20.0401 -8.14228
20.1403 -0.341778
20.2405 0.399502
20.3407 -0.577879
20.4409 -1.58998
20.5411 -3.6708
20.6413 -9.20934
20.7415 -18.1228
20.8417 -15.2654
20.9419 -0.146477
21.0421 3.65976
21.1423 3.3108
21.2425 5.09756
21.3427 9.86211
21.4429 15.6529
21.5431 13.4364
21.6433 2.4747
21.7435 0.110183
21.8437 1.03166
21.9439 2.46107
22.0441 5.3027
22.1443 11.5105
22.2445 19.0875
22.3447 9.37942
22.4449 -0.517826
22.5451 -1.91284
22.6453 -1.48232
22.7455 -2.24455
22.8457 -4.83925
22.9459 -11.5094
23.0461 -18.7436
23.1463 -11.15
23.2465 1.26256
23.3467 2.82286
23.4469 2.59997
23.5471 4.34221
23.6473 9.11236
23.7475 15.969
23.8477 15.0307
23.9479 2.47263
24.0481 -1.12798
24.1483 -0.403194
24.2485 0.0367221
24.3487 0.28631
24.4489 0.723461
24.5491 1.86443
24.6493 5.02363
24.7495 13.6315
24.8497 23.4765
24.9499 4.38305
25.0501 -5.4828
25.1503 -6.03867
25.2505 -7.20956
25.3507 -10.9261
25.4509 -13.2479
25.5511 -9.84803
25.6513 -4.67235
25.7515 -3.45205
25.8517 -5.15763
25.9519 -8.62513
26.0521 -12.8261
26.1523 -12.8564
26.2525 -6.69482
26.3527 -2.97404
26.4529 -3.62704
26.5531 -6.0436
26.6533 -10.3761
26.7535 -14.5839
26.8537 -10.6802
26.9539 -4.14542
27.0541 -2.30559
27.1543 -3.69699
27.2545 -6.82349
27.3547 -12.1144
27.4549 -14.8039
27.5551 -9.1173
27.6553 -2.36001
27.7555 -1.68177
27.8557 -3.4245
27.9559 -6.73755
28.0561 -12.4032
28.1563 -16.1411
28.2565 -8.47575
28.3567 -0.979842
28.4569 -0.803034
28.5571 -2.11521
28.6573 -4.40923
28.7575 -9.29872
28.8577 -17.0851
28.9579 -13.6905
29.0581 -2.09468
29.1583 1.19418
29.2585 0.573695
29.3587 0.216519
29.4589 0.26079
29.5591 0.582965
29.6593 1.49665
29.7595 4.19839
29.8597 12.5209
29.9599 21.0582
30.0601 10.7601
30.1603 -6.11706
30.2605 -6.11336
30.3607 -6.99513
30.4609 -10.2827
30.5611 -13.0133
30.6613 -10.6176
30.7615 -5.15217
30.8617 -3.66621
30.9619 -5.10579
31.0621 -8.19531
31.1623 -12.5124
31.2625 -12.9499
31.3627 -7.23087
31.4629 -3.51706
31.5631 -3.72634
31.6633 -6.0955
31.7635 -10.2956
31.8637 -14.0377
31.9639 -10.766
32.0641 -4.71093
32.1643 -2.63195
32.2645 -4.04647
32.3647 -7.22482
32.4649 -12.2199
32.5651 -14.278
32.6653 -8.75674
32.7655 -2.55959
32.8657 -2.26746
32.9659 -4.16701
33.0661 -7.78198
33.1663 -13.3285
33.2665 -15.3307
33.3667 -6.3113
33.4669 -1.31131
33.5671 -1.68019
33.6673 -3.42897
33.7675 -6.84859
33.8677 -13.374
33.9679 -16.2262
34.0681 -7.43394
34.1683 -0.448817
34.2685 -0.141187
34.3687 -1.3486
34.4689 -3.05816
34.5691 -7.08951
34.6693 -14.8881
34.7695 -17.6506
34.8697 -5.2063
34.9699 2.36579
35.0701 1.94889
35.1703 2.25952
35.2705 4.24151
35.3707 9.10304
35.4709 17.522
35.5711 14.5282
35.6713 1.10744
35.7715 -1.86802
35.8717 -1.45259
35.9719 -1.80543
36.0721 -3.60455
36.1723 -8.47526
36.2725 -17.6765
36.3727 -14.8829
36.4729 -2.31251
36.5731 3.14886
36.6733 2.58717
36.7735 3.61959
36.8737 7.31308
36.9739 14.1798
37.0741 16.6646
37.1743 6.13097
37.2745 -0.874855
37.3747 -0.484108
37.4749 0.160607
37.5752 0.645985
37.6754 1.5511
37.7756 3.9231
37.8758 10.1059
37.976 21.2816
38.0762 11.9005
38.1764 -2.77368
38.2766 -5.06705
38.3768 -5.34796
38.477 -8.3831
38.5772 -13.3978
38.6774 -13.3916
38.7776 -6.74993
38.8778 -2.31469
38.978 -2.69232
39.0782 -5.00257
39.1784 -9.38461
39.2786 -14.4637
39.3788 -13.1702
39.479 -4.57616
39.5792 -1.2274
39.6794 -2.25407
39.7796 -4.47552
39.8798 -8.82665
39.98 -15.1975
40.0802 -14.6389
40.1804 -3.75599
40.2806 -0.246003
40.3808 -0.860052
40.481 -2.3202
40.5812 -5.00022
40.6814 -11.1682
40.7816 -18.2635
40.8818 -10.8875
40.982 -0.273439
41.0822 1.87659
41.1824 1.23886
41.2826 1.71119
41.3828 3.64022
41.483 8.91491
41.5832 17.4071
41.6834 16.1228
41.7836 0.337192
41.8838 -3.31027
41.984 -2.95738
42.0842 -4.44031
42.1844 -8.70476
42.2846 -15.2111
42.3848 -15.3762
42.485 -3.31927
42.5852 0.288429
42.6854 -0.375231
42.7856 -1.38209
42.8858 -3.09403
42.986 -7.11623
43.0862 -15.9957
43.1864 -17.2415
43.2866 -4.02776
43.3868 2.91323
43.487 2.66719
43.5872 3.3201
43.6874 6.37519
43.7876 13.1096
43.8878 16.8909
43.988 8.57451
44.0882 -0.257681
44.1884 -0.700258
44.2886 0.127109
44.3888 0.667234
44.489 1.60002
44.5892 4.03499
44.6894 10.4047
44.7896 20.3376
44.8898 12.9975
44.99 -3.74909
45.0902 -4.51288
45.1904 -5.04582
45.2906 -8.03556
45.3908 -13.3044
45.491 -14.0929
45.5912 -6.77812
45.6914 -2.15404
45.7916 -2.33754
45.8918 -4.44248
45.992 -8.48613
46.0922 -14.5299
46.1924 -13.7957
46.2926 -5.72968
46.3928 -0.90506
46.493 -1.56364
46.5932 -3.4418
46.6934 -7.13534
46.7936 -13.7299
46.8938 -16.2125
46.994 -7.14681
47.0942 0.320895
47.1944 0.0662506
47.2946 -0.88935
47.3948 -2.11447
47.495 -4.92773
47.5952 -11.4668
47.6954 -19.7844
47.7956 -10.236
47.8958 2.32447
47.996 2.99384
48.0962 3.21592
48.1964 5.41279
48.2966 10.8158
48.3968 17.0346
48.497 10.907
48.5972 1.80744
48.6974 -0.431357
48.7976 0.58801
48.8978 1.7155
48.998 3.86336
49.0982 9.38239
49.1984 17.9968
49.2986 14.5521
49.3988 0.581015
49.499 -3.16969
49.5992 -2.71321
49.6994 -4.11165
49.7996 -8.29486
49.8998 -15.2624
50 -16.3486
