PARAMETRIC_CURVE_CARTESIAN_3D
helix
t1: -50
t2: 50
NumPoints: 1000
-50 19.2993 5.2475 -100 
-49.8999 18.6783 7.14987 -99.7998 
-49.7998 17.8703 8.98066 -99.5996 
-49.6997 16.8834 10.7215 -99.3994 
-49.5996 15.7274 12.3551 -99.1992 
-49.4995 14.414 13.8649 -98.999 
-49.3994 12.9563 15.2359 -98.7988 
-49.2993 11.3689 16.4544 -98.5986 
-49.1992 9.66762 17.5082 -98.3984 
-49.0991 7.86958 18.3867 -98.1982 
-48.999 5.99275 19.0811 -97.998 
-48.8989 4.05593 19.5844 -97.7978 
-48.7988 2.07849 19.8917 -97.5976 
-48.6987 0.0802511 19.9998 -97.3974 
-48.5986 -1.91879 19.9077 -97.1972 
-48.4985 -3.89863 19.6163 -96.997 
-48.3984 -5.83943 19.1285 -96.7968 
-48.2983 -7.72178 18.4492 -96.5966 
-48.1982 -9.52681 17.5852 -96.3964 
-48.0981 -11.2365 16.5451 -96.1962 
-47.998 -12.8336 15.3394 -95.996 
-47.8979 -14.3023 13.9801 -95.7958 
-47.7978 -15.6278 12.4809 -95.5956 
-47.6977 -16.7968 10.8567 -95.3954 
-47.5976 -17.7977 9.12378 -95.1952 
-47.4975 -18.6203 7.29953 -94.995 
-47.3974 -19.2566 5.40221 -94.7948 
-47.2973 -19.7001 3.45079 -94.5946 
-47.1972 -19.9463 1.46484 -94.3944 
-47.0971 -19.9928 -0.53579 -94.1942 
-46.997 -19.8392 -2.53105 -93.994 
-46.8969 -19.487 -4.50097 -93.7938 
-46.7968 -18.9396 -6.42583 -93.5936 
-46.6967 -18.2026 -8.28636 -93.3934 
-46.5966 -17.2834 -10.0639 -93.1932 
-46.4965 -16.1912 -11.7407 -92.993 
-46.3964 -14.9369 -13.3 -92.7928 
-46.2963 -13.533 -14.7261 -92.5926 
-46.1962 -11.9936 -16.0048 -92.3924 
-46.0961 -10.3342 -17.1232 -92.1922 
-45.996 -8.57127 -18.0702 -91.992 
-45.8959 -6.72256 -18.8363 -91.7918 
-45.7958 -4.80653 -19.4138 -91.5916 
-45.6957 -2.84239 -19.797 -91.3914 
-45.5956 -0.849786 -19.9819 -91.1912 
-45.4955 1.15132 -19.9668 -90.991 
-45.3954 3.14091 -19.7518 -90.7908 
-45.2953 5.09904 -19.3391 -90.5906 
-45.1952 7.00613 -18.7327 -90.3904 
-45.0951 8.84307 -17.9388 -90.1902 
-44.995 10.5915 -16.9653 -89.99 
-44.8949 12.2339 -15.8219 -89.7898 
-44.7948 13.7537 -14.5201 -89.5896 
-44.6947 15.1359 -13.073 -89.3894 
-44.5946 16.3666 -11.495 -89.1892 
-44.4945 17.4334 -9.80188 -88.989 
-44.3944 18.3257 -8.01064 -88.7888 
-44.2943 19.0344 -6.1392 -88.5886 
-44.1942 19.5527 -4.2063 -88.3884 
-44.0941 19.8751 -2.23128 -88.1882 
-43.994 19.9986 -0.233932 -87.988 
-43.8939 19.9219 1.76576 -87.7878 
-43.7938 19.6457 3.74778 -87.5876 
-43.6937 19.1728 5.69227 -87.3874 
-43.5936 18.508 7.57978 -87.1872 
-43.4935 17.6579 9.3914 -86.987 
-43.3934 16.631 11.109 -86.7868 
-43.2933 15.4376 12.7154 -86.5866 
-43.1932 14.0896 14.1944 -86.3864 
-43.0931 12.6006 15.5314 -86.1862 
-42.993 10.9854 16.7129 -85.986 
-42.8929 9.26027 17.727 -85.7858 
-42.7928 7.4424 18.5637 -85.5856 
-42.6927 5.55002 19.2145 -85.3854 
-42.5926 3.60207 19.673 -85.1852 
-42.4925 1.61806 19.9344 -84.985 
-42.3924 -0.382145 19.9963 -84.7848 
-42.2923 -2.37853 19.8581 -84.5846 
-42.1922 -4.3511 19.521 -84.3844 
-42.0921 -6.28011 18.9884 -84.1842 
-41.992 -8.14624 18.2658 -83.984 
-41.8919 -9.93081 17.3603 -83.7838 
-41.7918 -11.616 16.2809 -83.5836 
-41.6917 -13.1848 15.0386 -83.3834 
-41.5916 -14.6217 13.6458 -83.1832 
-41.4915 -15.9121 12.1163 -82.983 
-41.3914 -17.0433 10.4655 -82.7828 
-41.2913 -18.0038 8.70988 -82.5826 
-41.1912 -18.7841 6.8671 -82.3824 
-41.0911 -19.3763 4.95557 -82.1822 
-40.991 -19.7746 2.99443 -81.982 
-40.8909 -19.9748 1.00331 -81.7818 
-40.7908 -19.9751 -0.99786 -81.5816 
-40.6907 -19.7754 -2.98904 -81.3814 
-40.5906 -19.3777 -4.95029 -81.1812 
-40.4905 -18.786 -6.86198 -80.981 
-40.3904 -18.0062 -8.70497 -80.7808 
-40.2903 -17.0462 -10.4608 -80.5806 
-40.1902 -15.9154 -12.1119 -80.3804 
-40.0901 -14.6254 -13.6418 -80.1802 
-39.99 -13.1889 -15.035 -79.98 
-39.8899 -11.6204 -16.2778 -79.7798 
-39.7898 -9.93555 -17.3576 -79.5796 
-39.6897 -8.15122 -18.2636 -79.3794 
-39.5896 -6.28528 -18.9867 -79.1792 
-39.4895 -4.35642 -19.5198 -78.979 
-39.3894 -2.38394 -19.8574 -78.7788 
-39.2893 -0.387598 -19.9962 -78.5786 
-39.1892 1.61263 -19.9349 -78.3784 
-39.0891 3.59671 -19.6739 -78.1782 
-38.989 5.54478 -19.216 -77.978 
-38.8889 7.43734 -18.5657 -77.7778 
-38.7888 9.25544 -17.7295 -77.5776 
-38.6887 10.9809 -16.7159 -77.3774 
-38.5886 12.5964 -15.5348 -77.1772 
-38.4885 14.0858 -14.1983 -76.977 
-38.3884 15.4341 -12.7196 -76.7768 
-38.2883 16.628 -11.1135 -76.5766 
-38.1882 17.6553 -9.39621 -76.3764 
-38.0881 18.506 -7.58483 -76.1762 
-37.988 19.1713 -5.6975 -75.976 
-37.8879 19.6447 -3.75314 -75.7758 
-37.7878 19.9214 -1.7712 -75.5756 
-37.6877 19.9987 0.228478 -75.3754 
-37.5876 19.8758 2.22586 -75.1752 
-37.4875 19.5538 4.20097 -74.975 
-37.3874 19.0361 6.13401 -74.7748 
-37.2873 18.3278 8.00564 -74.5746 
-37.1872 17.4361 9.79712 -74.3744 
-37.0871 16.3697 11.4905 -74.1742 
-36.987 15.1395 13.0689 -73.974 
-36.8869 13.7577 14.5164 -73.7738 
-36.7868 12.2382 15.8186 -73.5736 
-36.6867 10.5961 16.9624 -73.3734 
-36.5866 8.84796 17.9364 -73.1732 
-36.4865 7.01124 18.7308 -72.973 
-36.3864 5.10432 19.3377 -72.7728 
-36.2863 3.14629 19.751 -72.5726 
-36.1862 1.15677 19.9665 -72.3724 
-36.0861 -0.844338 19.9822 -72.1722 
-35.986 -2.83699 19.7978 -71.972 
-35.8859 -4.80124 19.4152 -71.7718 
-35.7858 -6.71742 18.8382 -71.5716 
-35.6857 -8.56635 18.0726 -71.3714 
-35.5856 -10.3295 17.126 -71.1712 
-35.4855 -11.9893 16.008 -70.971 
-35.3854 -13.529 14.7298 -70.7708 
-35.2853 -14.9332 13.3041 -70.5706 
-35.1852 -16.188 11.7451 -70.3704 
-35.0851 -17.2807 10.0686 -70.1702 
-34.985 -18.2004 8.29132 -69.97 
-34.8849 -18.9379 6.43099 -69.7698 
-34.7848 -19.4857 4.50629 -69.5696 
-34.6847 -19.8385 2.53646 -69.3694 
-34.5846 -19.9927 0.541242 -69.1692 
-34.4845 -19.9467 -1.4594 -68.969 
-34.3844 -19.701 -3.44542 -68.7688 
-34.2843 -19.2581 -5.39695 -68.5686 
-34.1842 -18.6223 -7.29445 -68.3684 
-34.0841 -17.8001 -9.11892 -68.1682 
-33.984 -16.7998 -10.8521 -67.968 
-33.8839 -15.6312 -12.4766 -67.7678 
-33.7838 -14.3061 -13.9762 -67.5676 
-33.6837 -12.8378 -15.3359 -67.3674 
-33.5836 -11.241 -16.5421 -67.1672 
-33.4835 -9.5316 -17.5826 -66.967 
-33.3834 -7.72681 -18.4471 -66.7668 
-33.2833 -5.84465 -19.1269 -66.5666 
-33.1832 -3.90398 -19.6153 -66.3664 
-33.0831 -1.92422 -19.9072 -66.1662 
-32.983 0.0747974 -19.9999 -65.966 
-32.8829 2.07307 -19.8923 -65.7658 
-32.7828 4.05059 -19.5855 -65.5656 
-32.6827 5.98755 -19.0827 -65.3654 
-32.5826 7.86457 -18.3888 -65.1652 
-32.4825 9.66285 -17.5108 -64.965 
-32.3824 11.3644 -16.4575 -64.7648 
-32.2823 12.9522 -15.2395 -64.5646 
-32.1822 14.4102 -13.8688 -64.3644 
-32.0821 15.7241 -12.3594 -64.1642 
-31.982 16.8805 -10.7261 -63.964 
-31.8819 17.8679 -8.98553 -63.7638 
-31.7818 18.6764 -7.15496 -63.5636 
-31.6817 19.2979 -5.25276 -63.3634 
-31.5816 19.7262 -3.29797 -63.1632 
-31.4815 19.957 -1.31016 -62.963 
-31.3814 19.9881 0.690766 -62.7628 
-31.2813 19.819 2.68478 -62.5626 
-31.1812 19.4515 4.65191 -62.3624 
-31.0811 18.8892 6.57246 -62.1622 
-30.981 18.1379 8.42722 -61.962 
-30.8809 17.2049 10.1976 -61.7618 
-30.7808 16.0997 11.8659 -61.5616 
-30.6807 14.8333 13.4154 -61.3614 
-30.5806 13.4184 14.8306 -61.1612 
-30.4805 11.8692 16.0973 -60.961 
-30.3804 10.2011 17.2028 -60.7608 
-30.2803 8.43093 18.1361 -60.5606 
-30.1802 6.57633 18.8879 -60.3604 
-30.0801 4.65588 19.4505 -60.1602 
-29.98 2.68883 19.8184 -59.96 
-29.8799 0.694854 19.9879 -59.7598 
-29.7798 -1.30608 19.9573 -59.5596 
-29.6797 -3.29393 19.7269 -59.3594 
-29.5796 -5.24881 19.299 -59.1592 
-29.4795 -7.15114 18.6778 -58.959 
-29.3794 -8.98188 17.8697 -58.7588 
-29.2793 -10.7227 16.8827 -58.5586 
-29.1792 -12.3561 15.7266 -58.3584 
-29.0791 -13.8659 14.4131 -58.1582 
-28.979 -15.2368 12.9553 -57.958 
-28.8789 -16.4552 11.3678 -57.7578 
-28.7788 -17.5089 9.66643 -57.5576 
-28.6787 -18.3872 7.86833 -57.3574 
-28.5786 -19.0815 5.99145 -57.1572 
-28.4785 -19.5847 4.05459 -56.957 
-28.3784 -19.8918 2.07714 -56.7568 
-28.2783 -19.9998 0.0788877 -56.5566 
-28.1782 -19.9076 -1.92015 -56.3564 
-28.0781 -19.6161 -3.89997 -56.1562 
-27.978 -19.1281 -5.84074 -55.956 
-27.8779 -18.4487 -7.72303 -55.7558 
-27.7778 -17.5846 -9.52801 -55.5556 
-27.6777 -16.5444 -11.2376 -55.3554 
-27.5776 -15.3386 -12.8347 -55.1552 
-27.4775 -13.9792 -14.3032 -54.955 
-27.3774 -12.4798 -15.6286 -54.7548 
-27.2773 -10.8555 -16.7975 -54.5546 
-27.1772 -9.12256 -17.7983 -54.3544 
-27.0771 -7.29826 -18.6208 -54.1542 
-26.977 -5.40089 -19.257 -53.954 
-26.8769 -3.44945 -19.7003 -53.7538 
-26.7768 -1.46348 -19.9464 -53.5536 
-26.6767 0.537153 -19.9928 -53.3534 
-26.5766 2.5324 -19.839 -53.1532 
-26.4765 4.5023 -19.4866 -52.953 
-26.3764 6.42712 -18.9392 -52.7528 
-26.2763 8.2876 -18.2021 -52.5526 
-26.1762 10.0651 -17.2828 -52.3524 
-26.0761 11.7418 -16.1904 -52.1522 
-25.976 13.301 -14.936 -51.952 
-25.8759 14.727 -13.532 -51.7518 
-25.7758 16.0056 -11.9925 -51.5516 
-25.6757 17.1239 -10.333 -51.3514 
-25.5756 18.0708 -8.57004 -51.1512 
-25.4755 18.8368 -6.72127 -50.951 
-25.3754 19.4142 -4.80521 -50.7508 
-25.2753 19.7972 -2.84104 -50.5506 
-25.1752 19.982 -0.848424 -50.3504 
-25.0751 19.9668 1.15268 -50.1502 
-24.975 19.7516 3.14225 -49.9499 
-24.8749 19.3387 5.10036 -49.7497 
-24.7748 18.7322 7.00741 -49.5495 
-24.6747 17.9382 8.8443 -49.3493 
-24.5746 16.9646 10.5926 -49.1491 
-24.4745 15.8211 12.2349 -48.9489 
-24.3744 14.5192 13.7547 -48.7487 
-24.2743 13.072 15.1368 -48.5485 
-24.1742 11.4939 16.3674 -48.3483 
-24.0741 9.80069 17.4341 -48.1481 
-23.974 8.00939 18.3262 -47.9479 
-23.8739 6.1379 19.0349 -47.7477 
-23.7738 4.20496 19.553 -47.5475 
-23.6737 2.22993 19.8753 -47.3473 
-23.5736 0.232568 19.9986 -47.1471 
-23.4735 -1.76712 19.9218 -46.9469 
-23.3734 -3.74912 19.6455 -46.7467 
-23.2733 -5.69358 19.1725 -46.5465 
-23.1732 -7.58104 18.5075 -46.3463 
-23.0731 -9.3926 17.6573 -46.1461 
-22.973 -11.1101 16.6302 -45.9459 
-22.8729 -12.7164 15.4367 -45.7457 
-22.7728 -14.1954 14.0887 -45.5455 
-22.6727 -15.5323 12.5995 -45.3453 
-22.5726 -16.7136 10.9843 -45.1451 
-22.4725 -17.7277 9.25906 -44.9449 
-22.3724 -18.5642 7.44113 -44.7447 
-22.2723 -19.2149 5.54871 -44.5445 
-22.1722 -19.6732 3.60073 -44.3443 
-22.0721 -19.9345 1.6167 -44.1441 
-21.972 -19.9963 -0.383509 -43.9439 
-21.8719 -19.8579 -2.37988 -43.7437 
-21.7718 -19.5207 -4.35243 -43.5435 
-21.6717 -18.988 -6.2814 -43.3433 
-21.5716 -18.2652 -8.14748 -43.1431 
-21.4715 -17.3596 -9.932 -42.9429 
-21.3714 -16.2802 -11.6171 -42.7427 
-21.2713 -15.0377 -13.1858 -42.5425 
-21.1712 -13.6448 -14.6226 -42.3423 
-21.0711 -12.1152 -15.913 -42.1421 
-20.971 -10.4643 -17.044 -41.9419 
-20.8709 -8.70865 -18.0044 -41.7417 
-20.7708 -6.86582 -18.7846 -41.5415 
-20.6707 -4.95425 -19.3767 -41.3413 
-20.5706 -2.99308 -19.7748 -41.1411 
-20.4705 -1.00194 -19.9749 -40.9409 
-20.3704 0.999221 -19.975 -40.7407 
-20.2703 2.99038 -19.7752 -40.5405 
-20.1702 4.95161 -19.3773 -40.3403 
-20.0701 6.86326 -18.7855 -40.1401 
-19.97 8.70619 -18.0056 -39.9399 
-19.8699 10.462 -17.0454 -39.7397 
-19.7698 12.113 -15.9146 -39.5395 
-19.6697 13.6428 -14.6245 -39.3393 
-19.5696 15.0359 -13.1879 -39.1391 
-19.4695 16.2786 -11.6193 -38.9389 
-19.3694 17.3582 -9.93436 -38.7387 
-19.2693 18.2641 -8.14997 -38.5385 
-19.1692 18.9871 -6.28399 -38.3383 
-19.0691 19.5201 -4.35509 -38.1381 
-18.969 19.8576 -2.38259 -37.9379 
-18.8689 19.9963 -0.386235 -37.7377 
-18.7688 19.9348 1.61399 -37.5375 
-18.6687 19.6737 3.59805 -37.3373 
-18.5686 19.2156 5.54609 -37.1371 
-18.4685 18.5652 7.4386 -36.9369 
-18.3684 17.7289 9.25664 -36.7367 
-18.2683 16.7151 10.982 -36.5365 
-18.1682 15.534 12.5974 -36.3363 
-18.0681 14.1973 14.0867 -36.1361 
-17.968 12.7185 15.435 -35.9359 
-17.8679 11.1124 16.6287 -35.7357 
-17.7678 9.39501 17.656 -35.5355 
-17.6677 7.58357 18.5065 -35.3353 
-17.5676 5.6962 19.1717 -35.1351 
-17.4675 3.7518 19.6449 -34.9349 
-17.3674 1.76984 19.9215 -34.7347 
-17.2673 -0.229841 19.9987 -34.5345 
-17.1672 -2.22722 19.8756 -34.3343 
-17.0671 -4.2023 19.5535 -34.1341 
-16.967 -6.13531 19.0357 -33.9339 
-16.8669 -8.00689 18.3273 -33.7337 
-16.7668 -9.79831 17.4354 -33.5335 
-16.6667 -11.4916 16.3689 -33.3333 
-16.5666 -13.0699 15.1386 -33.1331 
-16.4665 -14.5173 13.7567 -32.9329 
-16.3664 -15.8194 12.2371 -32.7327 
-16.2663 -16.9631 10.595 -32.5325 
-16.1662 -17.937 8.84674 -32.3323 
-16.0661 -18.7313 7.00996 -32.1321 
-15.966 -19.338 5.103 -31.9319 
-15.8659 -19.7512 3.14494 -31.7317 
-15.7658 -19.9666 1.15541 -31.5315 
-15.6657 -19.9821 -0.8457 -31.3313 
-15.5656 -19.7976 -2.83834 -31.1311 
-15.4655 -19.4148 -4.80256 -30.9309 
-15.3654 -18.8377 -6.7187 -30.7307 
-15.2653 -18.072 -8.56758 -30.5305 
-15.1652 -17.1253 -10.3307 -30.3303 
-15.0651 -16.0072 -11.9904 -30.1301 
-14.965 -14.7289 -13.53 -29.9299 
-14.8649 -13.303 -14.9342 -29.7297 
-14.7648 -11.744 -16.1888 -29.5295 
-14.6647 -10.0675 -17.2814 -29.3293 
-14.5646 -8.29008 -18.201 -29.1291 
-14.4645 -6.4297 -18.9383 -28.9289 
-14.3644 -4.50496 -19.486 -28.7287 
-14.2643 -2.53511 -19.8387 -28.5285 
-14.1642 -0.539879 -19.9927 -28.3283 
-14.0641 1.46076 -19.9466 -28.1281 
-13.964 3.44677 -19.7008 -27.9279 
-13.8639 5.39827 -19.2577 -27.7277 
-13.7638 7.29572 -18.6218 -27.5275 
-13.6637 9.12014 -17.7995 -27.3273 
-13.5636 10.8532 -16.799 -27.1271 
-13.4635 12.4777 -15.6303 -26.9269 
-13.3634 13.9772 -14.3052 -26.7267 
-13.2633 15.3368 -12.8368 -26.5265 
-13.1632 16.5428 -11.2398 -26.3263 
-13.0631 17.5833 -9.53041 -26.1261 
-12.963 18.4477 -7.72555 -25.9259 
-12.8629 19.1273 -5.84335 -25.7257 
-12.7628 19.6155 -3.90264 -25.5255 
-12.6627 19.9074 -1.92287 -25.3253 
-12.5626 19.9999 0.0761609 -25.1251 
-12.4625 19.8921 2.07443 -24.9249 
-12.3624 19.5852 4.05192 -24.7247 
-12.2623 19.0823 5.98885 -24.5245 
-12.1622 18.3883 7.86582 -24.3243 
-12.0621 17.5102 9.66404 -24.1241 
-11.962 16.4568 11.3655 -23.9239 
-11.8619 15.2386 12.9532 -23.7237 
-11.7618 13.8679 14.4112 -23.5235 
-11.6617 12.3583 15.7249 -23.3233 
-11.5616 10.725 16.8812 -23.1231 
-11.4615 8.98431 17.8685 -22.9229 
-11.3614 7.15369 18.6769 -22.7227 
-11.2613 5.25144 19.2982 -22.5225 
-11.1612 3.29662 19.7264 -22.3223 
-11.0611 1.3088 19.9571 -22.1221 
-10.961 -0.692128 19.988 -21.9219 
-10.8609 -2.68613 19.8188 -21.7217 
-10.7608 -4.65323 19.4512 -21.5215 
-10.6607 -6.57375 18.8888 -21.3213 
-10.5606 -8.42846 18.1373 -21.1211 
-10.4605 -10.1988 17.2042 -20.9209 
-10.3604 -11.867 16.0989 -20.7207 
-10.2603 -13.4164 14.8324 -20.5205 
-10.1602 -14.8315 13.4174 -20.3203 
-10.0601 -16.0981 11.8681 -20.1201 
-9.95996 -17.2035 10.2 -19.9199 
-9.85986 -18.1367 8.42969 -19.7197 
-9.75976 -18.8883 6.57504 -19.5195 
-9.65966 -19.4508 4.65456 -19.3193 
-9.55956 -19.8186 2.68748 -19.1191 
-9.45946 -19.988 0.693491 -18.9189 
-9.35936 -19.9572 -1.30744 -18.7187 
-9.25926 -19.7267 -3.29528 -18.5185 
-9.15916 -19.2986 -5.25013 -18.3183 
-9.05906 -18.6773 -7.15241 -18.1181 
-8.95896 -17.8691 -8.98309 -17.9179 
-8.85886 -16.8819 -10.7238 -17.7177 
-8.75876 -15.7257 -12.3572 -17.5175 
-8.65866 -14.4121 -13.8669 -17.3173 
-8.55856 -12.9542 -15.2377 -17.1171 
-8.45846 -11.3666 -16.456 -16.9169 
-8.35836 -9.66524 -17.5095 -16.7167 
-8.25826 -7.86708 -18.3877 -16.5165 
-8.15816 -5.99015 -19.0819 -16.3163 
-8.05806 -4.05326 -19.585 -16.1161 
-7.95796 -2.07578 -19.892 -15.9159 
-7.85786 -0.0775243 -19.9998 -15.7157 
-7.75776 1.92151 -19.9075 -15.5155 
-7.65766 3.9013 -19.6158 -15.3153 
-7.55756 5.84204 -19.1277 -15.1151 
-7.45746 7.72429 -18.4482 -14.9149 
-7.35736 9.52921 -17.5839 -14.7147 
-7.25726 11.2387 -16.5436 -14.5145 
-7.15716 12.8357 -15.3377 -14.3143 
-7.05706 14.3042 -13.9782 -14.1141 
-6.95696 15.6295 -12.4788 -13.9139 
-6.85686 16.7983 -10.8544 -13.7137 
-6.75676 17.7989 -9.12135 -13.5135 
-6.65666 18.6213 -7.29699 -13.3133 
-6.55656 19.2573 -5.39958 -13.1131 
-6.45646 19.7005 -3.44811 -12.9129 
-6.35636 19.9465 -1.46212 -12.7127 
-6.25626 19.9927 0.538516 -12.5125 
-6.15616 19.8389 2.53376 -12.3123 
-6.05606 19.4863 4.50363 -12.1121 
-5.95596 18.9387 6.42841 -11.9119 
-5.85586 18.2015 8.28884 -11.7117 
-5.75576 17.2821 10.0663 -11.5115 
-5.65566 16.1896 11.7429 -11.3113 
-5.55556 14.9351 13.302 -11.1111 
-5.45546 13.531 14.7279 -10.9109 
-5.35536 11.9914 16.0064 -10.7107 
-5.25526 10.3318 17.1246 -10.5105 
-5.15516 8.56881 18.0714 -10.3103 
-5.05506 6.71999 18.8372 -10.1101 
-4.95495 4.80389 19.4145 -9.90991 
-4.85485 2.83969 19.7974 -9.70971 
-4.75475 0.847062 19.9821 -9.50951 
-4.65465 -1.15405 19.9667 -9.30931 
-4.55455 -3.1436 19.7514 -9.10911 
-4.45445 -5.10168 19.3384 -8.90891 
-4.35435 -7.00868 18.7317 -8.70871 
-4.25425 -8.84552 17.9376 -8.50851 
-4.15415 -10.5938 16.9638 -8.30831 
-4.05405 -12.236 15.8202 -8.10811 
-3.95395 -13.7557 14.5183 -7.90791 
-3.85385 -15.1377 13.0709 -7.70771 
-3.75375 -16.3682 11.4927 -7.50751 
-3.65365 -17.4347 9.7995 -7.30731 
-3.55355 -18.3267 8.00814 -7.10711 
-3.45345 -19.0353 6.1366 -6.90691 
-3.35335 -19.5532 4.20363 -6.70671 
-3.25325 -19.8754 2.22857 -6.50651 
-3.15315 -19.9987 0.231205 -6.30631 
-3.05305 -19.9217 -1.76848 -6.10611 
-2.95295 -19.6452 -3.75046 -5.90591 
-2.85285 -19.1721 -5.69489 -5.70571 
-2.75275 -18.507 -7.5823 -5.50551 
-2.65265 -17.6566 -9.39381 -5.30531 
-2.55255 -16.6295 -11.1113 -5.10511 
-2.45245 -15.4359 -12.7175 -4.9049 
-2.35235 -14.0877 -14.1964 -4.7047 
-2.25225 -12.5985 -15.5331 -4.5045 
-2.15215 -10.9832 -16.7144 -4.3043 
-2.05205 -9.25785 -17.7283 -4.1041 
-1.95195 -7.43987 -18.5647 -3.9039 
-1.85185 -5.5474 -19.2153 -3.7037 
-1.75175 -3.59939 -19.6734 -3.5035 
-1.65165 -1.61535 -19.9347 -3.3033 
-1.55155 0.384872 -19.9963 -3.1031 
-1.45145 2.38124 -19.8577 -2.9029 
-1.35135 4.35376 -19.5204 -2.7027 
-1.25125 6.28269 -18.9876 -2.5025 
-1.15115 8.14873 -18.2647 -2.3023 
-1.05105 9.93318 -17.3589 -2.1021 
-0.950951 11.6182 -16.2794 -1.9019 
-0.850851 13.1869 -15.0368 -1.7017 
-0.750751 14.6235 -13.6438 -1.5015 
-0.650651 15.9138 -12.1141 -1.3013 
-0.550551 17.0447 -10.4631 -1.1011 
-0.45045 18.005 -8.70742 -0.900901 
-0.35035 18.7851 -6.86454 -0.700701 
-0.25025 19.377 -4.95293 -0.500501 
-0.15015 19.775 -2.99173 -0.3003 
-0.0500501 19.975 -1.00058 -0.1001 
0.0500501 19.975 1.00058 0.1001 
0.15015 19.775 2.99173 0.3003 
0.25025 19.377 4.95293 0.500501 
0.35035 18.7851 6.86454 0.700701 
0.45045 18.005 8.70742 0.900901 
0.550551 17.0447 10.4631 1.1011 
0.650651 15.9138 12.1141 1.3013 
0.750751 14.6235 13.6438 1.5015 
0.850851 13.1869 15.0368 1.7017 
0.950951 11.6182 16.2794 1.9019 
1.05105 9.93318 17.3589 2.1021 
1.15115 8.14873 18.2647 2.3023 
1.25125 6.28269 18.9876 2.5025 
1.35135 4.35376 19.5204 2.7027 
1.45145 2.38124 19.8577 2.9029 
1.55155 0.384872 19.9963 3.1031 
1.65165 -1.61535 19.9347 3.3033 
1.75175 -3.59939 19.6734 3.5035 
1.85185 -5.5474 19.2153 3.7037 
1.95195 -7.43987 18.5647 3.9039 
2.05205 -9.25785 17.7283 4.1041 
2.15215 -10.9832 16.7144 4.3043 
2.25225 -12.5985 15.5331 4.5045 
2.35235 -14.0877 14.1964 4.7047 
2.45245 -15.4359 12.7175 4.9049 
2.55255 -16.6295 11.1113 5.10511 
2.65265 -17.6566 9.39381 5.30531 
2.75275 -18.507 7.5823 5.50551 
2.85285 -19.1721 5.69489 5.70571 
2.95295 -19.6452 3.75046 5.90591 
3.05305 -19.9217 1.76848 6.10611 
3.15315 -19.9987 -0.231205 6.30631 
3.25325 -19.8754 -2.22857 6.50651 
3.35335 -19.5532 -4.20363 6.70671 
3.45345 -19.0353 -6.1366 6.90691 
3.55355 -18.3267 -8.00814 7.10711 
3.65365 -17.4347 -9.7995 7.30731 
3.75375 -16.3682 -11.4927 7.50751 
3.85385 -15.1377 -13.0709 7.70771 
3.95395 -13.7557 -14.5183 7.90791 
4.05405 -12.236 -15.8202 8.10811 
4.15415 -10.5938 -16.9638 8.30831 
4.25425 -8.84552 -17.9376 8.50851 
4.35435 -7.00868 -18.7317 8.70871 
4.45445 -5.10168 -19.3384 8.90891 
4.55455 -3.1436 -19.7514 9.10911 
4.65465 -1.15405 -19.9667 9.30931 
4.75475 0.847062 -19.9821 9.50951 
4.85485 2.83969 -19.7974 9.70971 
4.95495 4.80389 -19.4145 9.90991 
5.05506 6.71999 -18.8372 10.1101 
5.15516 8.56881 -18.0714 10.3103 
5.25526 10.3318 -17.1246 10.5105 
5.35536 11.9914 -16.0064 10.7107 
5.45546 13.531 -14.7279 10.9109 
5.55556 14.9351 -13.302 11.1111 
5.65566 16.1896 -11.7429 11.3113 
5.75576 17.2821 -10.0663 11.5115 
5.85586 18.2015 -8.28884 11.7117 
5.95596 18.9387 -6.42841 11.9119 
6.05606 19.4863 -4.50363 12.1121 
6.15616 19.8389 -2.53376 12.3123 
6.25626 19.9927 -0.538516 12.5125 
6.35636 19.9465 1.46212 12.7127 
6.45646 19.7005 3.44811 12.9129 
6.55656 19.2573 5.39958 13.1131 
6.65666 18.6213 7.29699 13.3133 
6.75676 17.7989 9.12135 13.5135 
6.85686 16.7983 10.8544 13.7137 
6.95696 15.6295 12.4788 13.9139 
7.05706 14.3042 13.9782 14.1141 
7.15716 12.8357 15.3377 14.3143 
7.25726 11.2387 16.5436 14.5145 
7.35736 9.52921 17.5839 14.7147 
7.45746 7.72429 18.4482 14.9149 
7.55756 5.84204 19.1277 15.1151 
7.65766 3.9013 19.6158 15.3153 
7.75776 1.92151 19.9075 15.5155 
7.85786 -0.0775243 19.9998 15.7157 
7.95796 -2.07578 19.892 15.9159 
8.05806 -4.05326 19.585 16.1161 
8.15816 -5.99015 19.0819 16.3163 
8.25826 -7.86708 18.3877 16.5165 
8.35836 -9.66524 17.5095 16.7167 
8.45846 -11.3666 16.456 16.9169 
8.55856 -12.9542 15.2377 17.1171 
8.65866 -14.4121 13.8669 17.3173 
8.75876 -15.7257 12.3572 17.5175 
8.85886 -16.8819 10.7238 17.7177 
8.95896 -17.8691 8.98309 17.9179 
9.05906 -18.6773 7.15241 18.1181 
9.15916 -19.2986 5.25013 18.3183 
9.25926 -19.7267 3.29528 18.5185 
9.35936 -19.9572 1.30744 18.7187 
9.45946 -19.988 -0.693491 18.9189 
9.55956 -19.8186 -2.68748 19.1191 
9.65966 -19.4508 -4.65456 19.3193 
9.75976 -18.8883 -6.57504 19.5195 
9.85986 -18.1367 -8.42969 19.7197 
9.95996 -17.2035 -10.2 19.9199 
10.0601 -16.0981 -11.8681 20.1201 
10.1602 -14.8315 -13.4174 20.3203 
10.2603 -13.4164 -14.8324 20.5205 
10.3604 -11.867 -16.0989 20.7207 
10.4605 -10.1988 -17.2042 20.9209 
10.5606 -8.42846 -18.1373 21.1211 
10.6607 -6.57375 -18.8888 21.3213 
10.7608 -4.65323 -19.4512 21.5215 
10.8609 -2.68613 -19.8188 21.7217 
10.961 -0.692128 -19.988 21.9219 
11.0611 1.3088 -19.9571 22.1221 
11.1612 3.29662 -19.7264 22.3223 
11.2613 5.25144 -19.2982 22.5225 
11.3614 7.15369 -18.6769 22.7227 
11.4615 8.98431 -17.8685 22.9229 
11.5616 10.725 -16.8812 23.1231 
11.6617 12.3583 -15.7249 23.3233 
11.7618 13.8679 -14.4112 23.5235 
11.8619 15.2386 -12.9532 23.7237 
11.962 16.4568 -11.3655 23.9239 
12.0621 17.5102 -9.66404 24.1241 
12.1622 18.3883 -7.86582 24.3243 
12.2623 19.0823 -5.98885 24.5245 
12.3624 19.5852 -4.05192 24.7247 
12.4625 19.8921 -2.07443 24.9249 
12.5626 19.9999 -0.0761609 25.1251 
12.6627 19.9074 1.92287 25.3253 
12.7628 19.6155 3.90264 25.5255 
12.8629 19.1273 5.84335 25.7257 
12.963 18.4477 7.72555 25.9259 
13.0631 17.5833 9.53041 26.1261 
13.1632 16.5428 11.2398 26.3263 
13.2633 15.3368 12.8368 26.5265 
13.3634 13.9772 14.3052 26.7267 
13.4635 12.4777 15.6303 26.9269 
13.5636 10.8532 16.799 27.1271 
13.6637 9.12014 17.7995 27.3273 
13.7638 7.29572 18.6218 27.5275 
13.8639 5.39827 19.2577 27.7277 
13.964 3.44677 19.7008 27.9279 
14.0641 1.46076 19.9466 28.1281 
14.1642 -0.539879 19.9927 28.3283 
14.2643 -2.53511 19.8387 28.5285 
14.3644 -4.50496 19.486 28.7287 
14.4645 -6.4297 18.9383 28.9289 
14.5646 -8.29008 18.201 29.1291 
14.6647 -10.0675 17.2814 29.3293 
14.7648 -11.744 16.1888 29.5295 
14.8649 -13.303 14.9342 29.7297 
14.965 -14.7289 13.53 29.9299 
15.0651 -16.0072 11.9904 30.1301 
15.1652 -17.1253 10.3307 30.3303 
15.2653 -18.072 8.56758 30.5305 
15.3654 -18.8377 6.7187 30.7307 
15.4655 -19.4148 4.80256 30.9309 
15.5656 -19.7976 2.83834 31.1311 
15.6657 -19.9821 0.8457 31.3313 
15.7658 -19.9666 -1.15541 31.5315 
15.8659 -19.7512 -3.14494 31.7317 
15.966 -19.338 -5.103 31.9319 
16.0661 -18.7313 -7.00996 32.1321 
16.1662 -17.937 -8.84674 32.3323 
16.2663 -16.9631 -10.595 32.5325 
16.3664 -15.8194 -12.2371 32.7327 
16.4665 -14.5173 -13.7567 32.9329 
16.5666 -13.0699 -15.1386 33.1331 
16.6667 -11.4916 -16.3689 33.3333 
16.7668 -9.79831 -17.4354 33.5335 
16.8669 -8.00689 -18.3273 33.7337 
16.967 -6.13531 -19.0357 33.9339 
17.0671 -4.2023 -19.5535 34.1341 
17.1672 -2.22722 -19.8756 34.3343 
17.2673 -0.229841 -19.9987 34.5345 
17.3674 1.76984 -19.9215 34.7347 
17.4675 3.7518 -19.6449 34.9349 
17.5676 5.6962 -19.1717 35.1351 
17.6677 7.58357 -18.5065 35.3353 
17.7678 9.39501 -17.656 35.5355 
17.8679 11.1124 -16.6287 35.7357 
17.968 12.7185 -15.435 35.9359 
18.0681 14.1973 -14.0867 36.1361 
18.1682 15.534 -12.5974 36.3363 
18.2683 16.7151 -10.982 36.5365 
18.3684 17.7289 -9.25664 36.7367 
18.4685 18.5652 -7.4386 36.9369 
18.5686 19.2156 -5.54609 37.1371 
18.6687 19.6737 -3.59805 37.3373 
18.7688 19.9348 -1.61399 37.5375 
18.8689 19.9963 0.386235 37.7377 
18.969 19.8576 2.38259 37.9379 
19.0691 19.5201 4.35509 38.1381 
19.1692 18.9871 6.28399 38.3383 
19.2693 18.2641 8.14997 38.5385 
19.3694 17.3582 9.93436 38.7387 
19.4695 16.2786 11.6193 38.9389 
19.5696 15.0359 13.1879 39.1391 
19.6697 13.6428 14.6245 39.3393 
19.7698 12.113 15.9146 39.5395 
19.8699 10.462 17.0454 39.7397 
19.97 8.70619 18.0056 39.9399 
20.0701 6.86326 18.7855 40.1401 
20.1702 4.95161 19.3773 40.3403 
20.2703 2.99038 19.7752 40.5405 
20.3704 0.999221 19.975 40.7407 
20.4705 -1.00194 19.9749 40.9409 
20.5706 -2.99308 19.7748 41.1411 
20.6707 -4.95425 19.3767 41.3413 
20.7708 -6.86582 18.7846 41.5415 
20.8709 -8.70865 18.0044 41.7417 
20.971 -10.4643 17.044 41.9419 
21.0711 -12.1152 15.913 42.1421 
21.1712 -13.6448 14.6226 42.3423 
21.2713 -15.0377 13.1858 42.5425 
21.3714 -16.2802 11.6171 42.7427 
21.4715 -17.3596 9.932 42.9429 
21.5716 -18.2652 8.14748 43.1431 
21.6717 -18.988 6.2814 43.3433 
21.7718 -19.5207 4.35243 43.5435 
21.8719 -19.8579 2.37988 43.7437 
21.972 -19.9963 0.383509 43.9439 
22.0721 -19.9345 -1.6167 44.1441 
22.1722 -19.6732 -3.60073 44.3443 
22.2723 -19.2149 -5.54871 44.5445 
22.3724 -18.5642 -7.44113 44.7447 
22.4725 -17.7277 -9.25906 44.9449 
22.5726 -16.7136 -10.9843 45.1451 
22.6727 -15.5323 -12.5995 45.3453 
22.7728 -14.1954 -14.0887 45.5455 
22.8729 -12.7164 -15.4367 45.7457 
22.973 -11.1101 -16.6302 45.9459 
23.0731 -9.3926 -17.6573 46.1461 
23.1732 -7.58104 -18.5075 46.3463 
23.2733 -5.69358 -19.1725 46.5465 
23.3734 -3.74912 -19.6455 46.7467 
23.4735 -1.76712 -19.9218 46.9469 
23.5736 0.232568 -19.9986 47.1471 
23.6737 2.22993 -19.8753 47.3473 
23.7738 4.20496 -19.553 47.5475 
23.8739 6.1379 -19.0349 47.7477 
23.974 8.00939 -18.3262 47.9479 
24.0741 9.80069 -17.4341 48.1481 
24.1742 11.4939 -16.3674 48.3483 
24.2743 13.072 -15.1368 48.5485 
24.3744 14.5192 -13.7547 48.7487 
24.4745 15.8211 -12.2349 48.9489 
24.5746 16.9646 -10.5926 49.1491 
24.6747 17.9382 -8.8443 49.3493 
24.7748 18.7322 -7.00741 49.5495 
24.8749 19.3387 -5.10036 49.7497 
24.975 19.7516 -3.14225 49.9499 
25.0751 19.9668 -1.15268 50.1502 
25.1752 19.982 0.848424 50.3504 
25.2753 19.7972 2.84104 50.5506 
25.3754 19.4142 4.80521 50.7508 
25.4755 18.8368 6.72127 50.951 
25.5756 18.0708 8.57004 51.1512 
25.6757 17.1239 10.333 51.3514 
25.7758 16.0056 11.9925 51.5516 
25.8759 14.727 13.532 51.7518 
25.976 13.301 14.936 51.952 
26.0761 11.7418 16.1904 52.1522 
26.1762 10.0651 17.2828 52.3524 
26.2763 8.2876 18.2021 52.5526 
26.3764 6.42712 18.9392 52.7528 
26.4765 4.5023 19.4866 52.953 
26.5766 2.5324 19.839 53.1532 
26.6767 0.537153 19.9928 53.3534 
26.7768 -1.46348 19.9464 53.5536 
26.8769 -3.44945 19.7003 53.7538 
26.977 -5.40089 19.257 53.954 
27.0771 -7.29826 18.6208 54.1542 
27.1772 -9.12256 17.7983 54.3544 
27.2773 -10.8555 16.7975 54.5546 
27.3774 -12.4798 15.6286 54.7548 
27.4775 -13.9792 14.3032 54.955 
27.5776 -15.3386 12.8347 55.1552 
27.6777 -16.5444 11.2376 55.3554 
27.7778 -17.5846 9.52801 55.5556 
27.8779 -18.4487 7.72303 55.7558 
27.978 -19.1281 5.84074 55.956 
28.0781 -19.6161 3.89997 56.1562 
28.1782 -19.9076 1.92015 56.3564 
28.2783 -19.9998 -0.0788877 56.5566 
28.3784 -19.8918 -2.07714 56.7568 
28.4785 -19.5847 -4.05459 56.957 
28.5786 -19.0815 -5.99145 57.1572 
28.6787 -18.3872 -7.86833 57.3574 
28.7788 -17.5089 -9.66643 57.5576 
28.8789 -16.4552 -11.3678 57.7578 
28.979 -15.2368 -12.9553 57.958 
29.0791 -13.8659 -14.4131 58.1582 
29.1792 -12.3561 -15.7266 58.3584 
29.2793 -10.7227 -16.8827 58.5586 
29.3794 -8.98188 -17.8697 58.7588 
29.4795 -7.15114 -18.6778 58.959 
29.5796 -5.24881 -19.299 59.1592 
29.6797 -3.29393 -19.7269 59.3594 
29.7798 -1.30608 -19.9573 59.5596 
29.8799 0.694854 -19.9879 59.7598 
29.98 2.68883 -19.8184 59.96 
30.0801 4.65588 -19.4505 60.1602 
30.1802 6.57633 -18.8879 60.3604 
30.2803 8.43093 -18.1361 60.5606 
30.3804 10.2011 -17.2028 60.7608 
30.4805 11.8692 -16.0973 60.961 
30.5806 13.4184 -14.8306 61.1612 
30.6807 14.8333 -13.4154 61.3614 
30.7808 16.0997 -11.8659 61.5616 
30.8809 17.2049 -10.1976 61.7618 
30.981 18.1379 -8.42722 61.962 
31.0811 18.8892 -6.57246 62.1622 
31.1812 19.4515 -4.65191 62.3624 
31.2813 19.819 -2.68478 62.5626 
31.3814 19.9881 -0.690766 62.7628 
31.4815 19.957 1.31016 62.963 
31.5816 19.7262 3.29797 63.1632 
31.6817 19.2979 5.25276 63.3634 
31.7818 18.6764 7.15496 63.5636 
31.8819 17.8679 8.98553 63.7638 
31.982 16.8805 10.7261 63.964 
32.0821 15.7241 12.3594 64.1642 
32.1822 14.4102 13.8688 64.3644 
32.2823 12.9522 15.2395 64.5646 
32.3824 11.3644 16.4575 64.7648 
32.4825 9.66285 17.5108 64.965 
32.5826 7.86457 18.3888 65.1652 
32.6827 5.98755 19.0827 65.3654 
32.7828 4.05059 19.5855 65.5656 
32.8829 2.07307 19.8923 65.7658 
32.983 0.0747974 19.9999 65.966 
33.0831 -1.92422 19.9072 66.1662 
33.1832 -3.90398 19.6153 66.3664 
33.2833 -5.84465 19.1269 66.5666 
33.3834 -7.72681 18.4471 66.7668 
33.4835 -9.5316 17.5826 66.967 
33.5836 -11.241 16.5421 67.1672 
33.6837 -12.8378 15.3359 67.3674 
33.7838 -14.3061 13.9762 67.5676 
33.8839 -15.6312 12.4766 67.7678 
33.984 -16.7998 10.8521 67.968 
34.0841 -17.8001 9.11892 68.1682 
34.1842 -18.6223 7.29445 68.3684 
34.2843 -19.2581 5.39695 68.5686 
34.3844 -19.701 3.44542 68.7688 
34.4845 -19.9467 1.4594 68.969 
34.5846 -19.9927 -0.541242 69.1692 
34.6847 -19.8385 -2.53646 69.3694 
34.7848 -19.4857 -4.50629 69.5696 
34.8849 -18.9379 -6.43099 69.7698 
34.985 -18.2004 -8.29132 69.97 
35.0851 -17.2807 -10.0686 70.1702 
35.1852 -16.188 -11.7451 70.3704 
35.2853 -14.9332 -13.3041 70.5706 
35.3854 -13.529 -14.7298 70.7708 
35.4855 -11.9893 -16.008 70.971 
35.5856 -10.3295 -17.126 71.1712 
35.6857 -8.56635 -18.0726 71.3714 
35.7858 -6.71742 -18.8382 71.5716 
35.8859 -4.80124 -19.4152 71.7718 
35.986 -2.83699 -19.7978 71.972 
36.0861 -0.844338 -19.9822 72.1722 
36.1862 1.15677 -19.9665 72.3724 
36.2863 3.14629 -19.751 72.5726 
36.3864 5.10432 -19.3377 72.7728 
36.4865 7.01124 -18.7308 72.973 
36.5866 8.84796 -17.9364 73.1732 
36.6867 10.5961 -16.9624 73.3734 
36.7868 12.2382 -15.8186 73.5736 
36.8869 13.7577 -14.5164 73.7738 
36.987 15.1395 -13.0689 73.974 
37.0871 16.3697 -11.4905 74.1742 
37.1872 17.4361 -9.79712 74.3744 
37.2873 18.3278 -8.00564 74.5746 
37.3874 19.0361 -6.13401 74.7748 
37.4875 19.5538 -4.20097 74.975 
37.5876 19.8758 -2.22586 75.1752 
37.6877 19.9987 -0.228478 75.3754 
37.7878 19.9214 1.7712 75.5756 
37.8879 19.6447 3.75314 75.7758 
37.988 19.1713 5.6975 75.976 
38.0881 18.506 7.58483 76.1762 
38.1882 17.6553 9.39621 76.3764 
38.2883 16.628 11.1135 76.5766 
38.3884 15.4341 12.7196 76.7768 
38.4885 14.0858 14.1983 76.977 
38.5886 12.5964 15.5348 77.1772 
38.6887 10.9809 16.7159 77.3774 
38.7888 9.25544 17.7295 77.5776 
38.8889 7.43734 18.5657 77.7778 
38.989 5.54478 19.216 77.978 
39.0891 3.59671 19.6739 78.1782 
39.1892 1.61263 19.9349 78.3784 
39.2893 -0.387598 19.9962 78.5786 
39.3894 -2.38394 19.8574 78.7788 
39.4895 -4.35642 19.5198 78.979 
39.5896 -6.28528 18.9867 79.1792 
39.6897 -8.15122 18.2636 79.3794 
39.7898 -9.93555 17.3576 79.5796 
39.8899 -11.6204 16.2778 79.7798 
39.99 -13.1889 15.035 79.98 
40.0901 -14.6254 13.6418 80.1802 
40.1902 -15.9154 12.1119 80.3804 
40.2903 -17.0462 10.4608 80.5806 
40.3904 -18.0062 8.70497 80.7808 
40.4905 -18.786 6.86198 80.981 
40.5906 -19.3777 4.95029 81.1812 
40.6907 -19.7754 2.98904 81.3814 
40.7908 -19.9751 0.99786 81.5816 
40.8909 -19.9748 -1.00331 81.7818 
40.991 -19.7746 -2.99443 81.982 
41.0911 -19.3763 -4.95557 82.1822 
41.1912 -18.7841 -6.8671 82.3824 
41.2913 -18.0038 -8.70988 82.5826 
41.3914 -17.0433 -10.4655 82.7828 
41.4915 -15.9121 -12.1163 82.983 
41.5916 -14.6217 -13.6458 83.1832 
41.6917 -13.1848 -15.0386 83.3834 
41.7918 -11.616 -16.2809 83.5836 
41.8919 -9.93081 -17.3603 83.7838 
41.992 -8.14624 -18.2658 83.984 
42.0921 -6.28011 -18.9884 84.1842 
42.1922 -4.3511 -19.521 84.3844 
42.2923 -2.37853 -19.8581 84.5846 
42.3924 -0.382145 -19.9963 84.7848 
42.4925 1.61806 -19.9344 84.985 
42.5926 3.60207 -19.673 85.1852 
42.6927 5.55002 -19.2145 85.3854 
42.7928 7.4424 -18.5637 85.5856 
42.8929 9.26027 -17.727 85.7858 
42.993 10.9854 -16.7129 85.986 
43.0931 12.6006 -15.5314 86.1862 
43.1932 14.0896 -14.1944 86.3864 
43.2933 15.4376 -12.7154 86.5866 
43.3934 16.631 -11.109 86.7868 
43.4935 17.6579 -9.3914 86.987 
43.5936 18.508 -7.57978 87.1872 
43.6937 19.1728 -5.69227 87.3874 
43.7938 19.6457 -3.74778 87.5876 
43.8939 19.9219 -1.76576 87.7878 
43.994 19.9986 0.233932 87.988 
44.0941 19.8751 2.23128 88.1882 
44.1942 19.5527 4.2063 88.3884 
44.2943 19.0344 6.1392 88.5886 
44.3944 18.3257 8.01064 88.7888 
44.4945 17.4334 9.80188 88.989 
44.5946 16.3666 11.495 89.1892 
44.6947 15.1359 13.073 89.3894 
44.7948 13.7537 14.5201 89.5896 
44.8949 12.2339 15.8219 89.7898 
44.995 10.5915 16.9653 89.99 
45.0951 8.84307 17.9388 90.1902 
45.1952 7.00613 18.7327 90.3904 
45.2953 5.09904 19.3391 90.5906 
45.3954 3.14091 19.7518 90.7908 
45.4955 1.15132 19.9668 90.991 
45.5956 -0.849786 19.9819 91.1912 
45.6957 -2.84239 19.797 91.3914 
45.7958 -4.80653 19.4138 91.5916 
45.8959 -6.72256 18.8363 91.7918 
45.996 -8.57127 18.0702 91.992 
46.0961 -10.3342 17.1232 92.1922 
46.1962 -11.9936 16.0048 92.3924 
46.2963 -13.533 14.7261 92.5926 
46.3964 -14.9369 13.3 92.7928 
46.4965 -16.1912 11.7407 92.993 
46.5966 -17.2834 10.0639 93.1932 
46.6967 -18.2026 8.28636 93.3934 
46.7968 -18.9396 6.42583 93.5936 
46.8969 -19.487 4.50097 93.7938 
46.997 -19.8392 2.53105 93.994 
47.0971 -19.9928 0.53579 94.1942 
47.1972 -19.9463 -1.46484 94.3944 
47.2973 -19.7001 -3.45079 94.5946 
47.3974 -19.2566 -5.40221 94.7948 
47.4975 -18.6203 -7.29953 94.995 
47.5976 -17.7977 -9.12378 95.1952 
47.6977 -16.7968 -10.8567 95.3954 
47.7978 -15.6278 -12.4809 95.5956 
47.8979 -14.3023 -13.9801 95.7958 
47.998 -12.8336 -15.3394 95.996 
48.0981 -11.2365 -16.5451 96.1962 
48.1982 -9.52681 -17.5852 96.3964 
48.2983 -7.72178 -18.4492 96.5966 
48.3984 -5.83943 -19.1285 96.7968 
48.4985 -3.89863 -19.6163 96.997 
48.5986 -1.91879 -19.9077 97.1972 
48.6987 0.0802511 -19.9998 97.3974 
48.7988 2.07849 -19.8917 97.5976 
48.8989 4.05593 -19.5844 97.7978 
48.999 5.99275 -19.0811 97.998 
49.0991 7.86958 -18.3867 98.1982 
49.1992 9.66762 -17.5082 98.3984 
49.2993 11.3689 -16.4544 98.5986 
49.3994 12.9563 -15.2359 98.7988 
49.4995 14.414 -13.8649 98.999 
49.5996 15.7274 -12.3551 99.1992 
49.6997 16.8834 -10.7215 99.3994 
49.7998 17.8703 -8.98066 99.5996 
49.8999 18.6783 -7.14987 99.7998 
50 19.2993 -5.2475 100 
