MULTI_REAL_FUNCTION
Lorentz system
3
x1: 0
x2: 50
NumPoints: 478
0 2 1 1 
0.108108 3.65659 7.54213 1.7794 
0.209965 10.8358 21.4095 10.6551 
0.314271 19.4985 17.8098 44.4869 
0.416696 6.86177 -7.84692 38.1623 
0.517103 -2.91685 -8.29004 28.4874 
0.620594 -6.26595 -8.2665 25.2455 
0.7206 -7.99355 -9.59986 24.9859 
0.826665 -9.46352 -10.4353 27.1411 
0.927736 -9.68723 -9.09779 29.2484 
1.02855 -8.53485 -7.10503 28.842 
1.14048 -7.25158 -6.60035 26.4216 
1.25197 -7.25889 -7.90701 24.5615 
1.36226 -8.48062 -9.88038 25.023 
1.46331 -9.70987 -10.4795 27.5541 
1.57516 -9.55207 -8.51335 29.5641 
1.68864 -7.95452 -6.55706 28.1466 
1.80619 -6.98519 -6.85532 25.3893 
1.91974 -7.60573 -8.74899 24.2385 
2.02322 -9.05492 -10.4883 25.7604 
2.12364 -9.98377 -10.1553 28.6686 
2.22652 -9.23288 -7.78058 29.6567 
2.34124 -7.49015 -6.27311 27.4171 
2.44366 -6.87979 -6.95161 24.9701 
2.55723 -7.73696 -9.07241 24.1099 
2.65736 -9.26 -10.7231 26.0003 
2.77185 -10.0618 -9.72541 29.3777 
2.88181 -8.72657 -6.98982 29.3995 
2.98528 -7.16449 -6.13168 26.8279 
3.08792 -6.81963 -7.19066 24.4438 
3.20039 -7.97863 -9.53607 24.0871 
3.31348 -9.76697 -10.9895 27.0301 
3.42223 -9.98956 -9.06295 29.9681 
3.5282 -8.30138 -6.4609 29.0469 
3.63468 -6.83057 -6.10457 26.0539 
3.73918 -6.86523 -7.63099 23.8762 
3.84697 -8.31974 -10.0874 24.2304 
3.95802 -10.0806 -11.0586 27.7803 
4.06098 -9.92221 -8.63627 30.288 
4.16475 -8.03641 -6.13142 28.8341 
4.27167 -6.62733 -6.05642 25.6146 
4.37619 -6.85801 -7.8284 23.5318 
4.48125 -8.46587 -10.3761 24.212 
4.59042 -10.2538 -11.1675 28.0977 
4.70252 -9.76745 -8.08767 30.5346 
4.80492 -7.69778 -5.78665 28.4811 
4.91233 -6.42034 -6.06528 25.0734 
5.01751 -6.9085 -8.13433 23.169 
5.11888 -8.67402 -10.7324 24.277 
5.22601 -10.451 -11.2329 28.5308 
5.33394 -9.76212 -7.86872 30.7583 
5.4343 -7.57164 -5.56194 28.4645 
5.54 -6.26573 -5.90353 24.9115 
5.64341 -6.76287 -8.03021 22.8999 
5.7441 -8.60249 -10.7973 23.9537 
5.84929 -10.5405 -11.5262 28.3965 
5.95559 -9.97641 -8.04671 31.0488 
6.06589 -7.41741 -5.31262 28.4165 
6.1699 -6.09309 -5.73379 24.7155 
6.27139 -6.6051 -7.9183 22.603 
6.38605 -8.86842 -11.2316 24.0763 
6.48906 -10.7749 -11.5798 28.9419 
6.59092 -9.96645 -7.769 31.3178 
6.69884 -7.25601 -5.04591 28.3754 
6.80093 -5.9047 -5.53303 24.5264 
6.91908 -6.69113 -8.31396 22.162 
7.02656 -9.07639 -11.6096 24.1156 
7.12714 -10.9873 -11.6916 29.3539 
7.23643 -9.73923 -7.11604 31.4938 
7.34336 -6.86553 -4.7012 27.9316 
7.44419 -5.6654 -5.47066 23.9839 
7.5605 -6.65447 -8.47149 21.7438 
7.66582 -9.20197 -11.9266 23.9983 
7.77751 -11.2541 -11.4628 30.2994 
7.8808 -9.55346 -6.56498 31.654 
7.98634 -6.53939 -4.37344 27.615 
8.09906 -5.42249 -5.58366 23.1147 
8.19918 -6.49661 -8.4274 21.2846 
8.30234 -9.15938 -12.1118 23.5575 
8.41133 -11.4616 -11.9217 30.2904 
8.51225 -9.85154 -6.68201 32.1677 
8.61255 -6.65773 -4.075 28.225 
8.72102 -5.15144 -4.94848 23.4249 
8.83163 -6.10781 -7.98049 20.8034 
8.93379 -8.8001 -11.9822 22.5863 
9.04059 -11.5965 -12.7638 29.6411 
9.14085 -10.431 -7.25043 32.8409 
9.24667 -6.72145 -3.74325 28.7382 
9.35096 -4.88877 -4.35268 23.6956 
9.45145 -5.38434 -6.84853 20.5588 
9.56006 -8.01453 -11.277 21.1212 
9.66512 -11.4153 -13.7816 27.8607 
9.76695 -11.3081 -8.58733 33.4449 
9.87652 -7.16375 -3.52172 29.8716 
9.98707 -4.62288 -3.71793 24.0244 
10.094 -4.88551 -6.19789 20.1366 
10.2016 -7.39582 -10.7035 19.9335 
10.3044 -11.1521 -14.4193 26.2075 
10.4064 -12.0321 -9.89568 33.7887 
10.5101 -7.9375 -3.51432 31.39 
10.6111 -4.66253 -2.80336 25.494 
10.7204 -4.08533 -4.73479 20.4771 
10.8286 -5.92314 -8.69335 18.4191 
10.9315 -9.71838 -13.9949 22.1938 
11.0373 -12.8384 -13.0775 32.4481 
11.1388 -9.78729 -4.67597 33.8991 
11.2444 -5.06257 -1.96263 27.4424 
11.3478 -3.40778 -3.11219 21.6766 
11.4523 -4.16176 -5.86468 17.8788 
11.5636 -7.35453 -11.4417 18.05 
11.6701 -12.1983 -16.0775 27.021 
11.7774 -12.3017 -8.14041 35.9793 
11.8855 -6.36325 -1.38597 30.5262 
11.9879 -3.08215 -1.5283 23.7041 
12.0949 -2.68875 -3.30838 18.4105 
12.198 -4.2299 -6.69347 15.4905 
12.3093 -8.49019 -13.7143 17.791 
12.4173 -13.8598 -16.5241 31.241 
12.5175 -11.4857 -4.936 36.9704 
12.6213 -4.77524 0.13447 29.2613 
12.7259 -1.73437 -0.437629 22.1367 
12.8343 -1.31655 -1.6191 16.7058 
12.9394 -2.21622 -3.70314 13.0349 
13.042 -4.75556 -8.50732 11.7747 
13.1505 -10.8305 -17.9916 18.8224 
13.2578 -15.6303 -13.9478 38.3413 
13.3594 -8.30448 0.852706 35.7 
13.4663 -1.33973 2.40941 26.0498 
13.567 0.938035 2.29471 19.9241 
13.669 2.23728 3.71935 15.6059 
13.7735 4.57201 7.84068 13.5628 
13.8755 9.4013 15.5562 17.7307 
13.9759 14.7777 16.906 33.2994 
14.0813 10.537 2.38026 37.146 
14.186 3.29386 -1.33045 28.0384 
14.2891 0.518526 -0.779419 21.1356 
14.3954 -0.256273 -0.684686 15.9153 
14.5051 -0.757979 -1.36203 11.9276 
14.6107 -1.80994 -3.3735 9.27015 
14.7155 -4.6224 -8.83382 8.74448 
14.8178 -11.1951 -19.6397 16.9677 
14.9233 -16.842 -14.4957 40.739 
15.027 -7.41882 3.32634 36.0815 
15.1311 0.211556 4.37061 26.2584 
15.2385 3.05561 4.9864 20.5278 
15.348 5.54725 8.5028 18.0565 
15.4566 9.74465 14.2365 21.9524 
15.5605 13.0172 13.3864 32.5762 
15.6688 9.51305 4.09354 33.8824 
15.7728 4.75587 1.68211 27.1703 
15.8736 3.1513 2.82422 21.459 
15.9738 3.77955 5.31936 17.6053 
16.0762 6.43299 10.1786 16.8949 
16.1826 11.4107 16.2465 24.244 
16.2844 13.3895 11.0992 35.7188 
16.3896 7.85715 1.78877 32.8281 
16.4998 3.18687 0.908507 24.932 
16.6007 2.1862 2.21749 19.3763 
16.7013 2.98827 4.56203 15.5537 
16.8083 5.84745 9.84196 14.5941 
16.9095 11.2136 17.2524 21.8204 
17.0144 14.4484 12.3039 37.0453 
17.116 8.16572 0.646599 34.321 
17.2227 2.4126 -0.686328 25.6347 
17.3261 0.696676 0.0402567 19.4132 
17.4298 0.484913 0.601009 14.736 
17.5403 0.902327 1.58305 11.0431 
17.6441 2.13153 4.0126 8.74303 
17.7474 5.43886 10.4032 9.02847 
17.8552 13.2515 21.7705 21.7007 
17.9599 15.8222 8.93882 42.7519 
18.0685 4.59154 -4.43295 32.8772 
18.1725 -1.30108 -4.41448 24.4958 
18.2784 -3.68008 -5.68662 19.6736 
18.3818 -6.32438 -9.66271 18.3808 
18.4908 -10.7638 -14.9799 24.186 
18.5914 -12.8423 -11.6429 33.9494 
18.6981 -8.50712 -3.24668 32.7258 
18.7988 -4.41368 -1.88303 26.2089 
18.8998 -3.25057 -3.27586 20.8015 
19.0088 -4.38827 -6.45805 17.2329 
19.1151 -7.82293 -12.2369 18.2587 
19.2196 -12.6582 -16.1873 28.2478 
19.3231 -12.1159 -7.40887 36.217 
19.4294 -6.05493 -1.10232 30.2526 
19.5304 -2.87164 -1.3535 23.4732 
19.6352 -2.46929 -3.02094 18.2335 
19.7492 -4.16192 -6.70754 14.9734 
19.8587 -8.47702 -13.8588 17.3791 
19.9652 -14.0131 -16.9318 31.184 
20.0713 -11.2354 -4.18599 37.0739 
20.1723 -4.48861 0.47631 29.1275 
20.275 -1.45042 -0.0789041 22.0671 
20.3837 -0.895385 -0.994577 16.5654 
20.4932 -1.47647 -2.4775 12.5567 
20.5985 -3.30724 -6.03901 10.385 
20.6996 -7.71101 -13.9883 12.7729 
20.8047 -15.2092 -20.5972 30.1849 
20.9048 -12.9737 -3.70217 40.7004 
21.0117 -3.19306 3.39852 30.0431 
21.1125 0.898175 3.16653 22.7539 
21.2166 2.70726 4.38397 17.8776 
21.3187 5.03919 8.19813 15.7601 
21.4236 9.63137 15.0448 19.8858 
21.5299 14.0107 14.7091 33.6625 
21.6351 9.79122 2.9475 35.3564 
21.7388 3.89839 0.125493 27.4066 
21.8403 1.77503 0.998098 21.0061 
21.9413 1.76971 2.41423 16.2965 
22.0419 3.08926 5.1939 13.2485 
22.1511 6.8765 11.9943 13.8977 
22.2558 13.418 19.3026 26.2618 
22.3619 13.5696 7.00937 39.5024 
22.4631 5.38639 -1.60639 31.6712 
22.5699 0.710494 -1.55528 23.4058 
22.6757 -0.712242 -1.56811 17.6721 
22.7821 -1.71197 -2.94673 13.5574 
22.8883 -3.82145 -6.85585 11.4308 
22.9888 -8.49927 -14.9458 14.6634 
23.0945 -15.3713 -18.9887 32.597 
23.2007 -11.1989 -1.76459 38.7712 
23.3072 -2.61349 2.71311 28.4869 
23.4125 0.713 2.42946 21.3741 
23.5166 2.15753 3.58452 16.5942 
23.619 4.241 7.15401 14.1366 
23.7227 8.69686 14.4257 17.0897 
23.8263 14.3491 17.3121 31.6746 
23.929 11.4141 3.92436 37.6107 
24.0295 4.29045 -0.967406 29.3068 
24.1306 1.07484 -0.492399 22.2068 
24.235 0.266751 -0.00192048 16.7974 
24.3375 0.193227 0.258462 12.7818 
24.4455 0.387744 0.704948 9.59647 
24.5477 0.95443 1.84187 7.38098 
24.6534 2.63954 5.24342 6.12762 
24.7601 7.52749 14.6556 9.19214 
24.8635 16.491 23.4652 30.5719 
24.9639 13.3187 1.1277 42.9818 
25.0701 1.50144 -5.96579 30.2872 
25.1789 -3.31389 -5.85423 23.453 
25.2825 -5.6737 -8.11928 20.6422 
25.3946 -9.04865 -12.4707 22.8214 
25.4986 -11.7903 -12.7494 30.2014 
25.6058 -10.0363 -6.38179 32.8513 
25.7119 -6.21699 -3.43534 28.0515 
25.8154 -4.65825 -4.37198 23.0265 
25.9196 -5.45337 -7.21777 20.0032 
26.0222 -8.20154 -11.6737 21.0329 
26.1253 -11.6607 -13.9885 28.2788 
26.2339 -11.0736 -7.69998 33.7792 
26.3419 -6.692 -3.10682 29.3789 
26.4517 -4.33953 -3.6089 23.4565 
26.5581 -4.76294 -6.21353 19.6203 
26.6647 -7.40716 -10.8924 19.5654 
26.7657 -11.2977 -14.7566 26.1608 
26.8749 -12.0147 -9.24483 34.3698 
26.9758 -7.61854 -3.03854 31.24 
27.0871 -4.16306 -2.65234 24.5465 
27.1945 -3.88707 -4.7382 19.7124 
27.3004 -5.87334 -8.82462 17.8439 
27.401 -9.80494 -14.3445 21.8703 
27.5043 -13.1008 -13.4717 32.6794 
27.6115 -9.56467 -4.03731 34.0264 
27.7137 -4.76276 -1.55511 27.3381 
27.8246 -3.02283 -2.82318 21.0351 
27.9269 -3.78377 -5.44783 17.214 
28.0372 -6.90749 -11.0217 16.9826 
28.1419 -12.0065 -16.6467 25.5908 
28.2482 -12.9986 -9.21388 36.5363 
28.351 -6.98957 -1.14512 31.8669 
28.4515 -2.96685 -0.77212 24.6489 
28.5597 -2.01889 -2.16582 18.7661 
28.6632 -2.93836 -4.60586 14.9666 
28.7686 -5.86944 -9.99674 14.1949 
28.8687 -11.346 -17.5799 21.7316 
28.9719 -14.6417 -12.4569 37.3545 
29.0776 -7.80625 -0.1348 34.1238 
29.18 -2.20226 0.986409 25.6485 
29.2859 -0.375951 0.367577 19.2688 
29.3863 0.0166092 0.205994 14.7424 
29.4957 0.184212 0.353147 11.0144 
29.6064 0.490952 0.934571 8.21835 
29.7134 1.34122 2.64506 6.32386 
29.8161 3.71704 7.44934 5.90825 
29.9169 9.90284 18.7146 12.3854 
30.0201 17.9415 19.3766 39.1648 
30.1236 9.05775 -3.94033 38.9417 
30.2288 -0.675963 -6.00923 27.8024 
30.334 -4.17249 -6.423 22.5384 
30.4343 -6.50917 -9.18789 20.9204 
30.5365 -9.65965 -12.8531 24.142 
30.6412 -11.7148 -11.6641 31.2436 
30.747 -9.31836 -5.64893 32.0751 
30.8479 -6.02156 -3.66583 27.3615 
30.954 -4.84885 -4.92508 22.5949 
31.0655 -6.13524 -8.32162 20.1788 
31.1771 -9.48681 -12.9551 23.216 
31.2798 -11.9991 -12.4897 30.9959 
31.3832 -9.84684 -5.91651 32.8923 
31.4888 -5.95395 -3.21985 27.7564 
31.5907 -4.4858 -4.25746 22.7338 
31.694 -5.32572 -7.1371 19.686 
31.7953 -8.10857 -11.6843 20.6607 
31.8972 -11.7091 -14.288 28.0221 
32.0046 -11.3128 -7.92874 34.0756 
32.1098 -6.84895 -2.95952 29.8423 
32.2165 -4.23754 -3.22436 23.8265 
32.3171 -4.332 -5.43984 19.765 
32.424 -6.63215 -9.84915 18.6988 
32.5246 -10.5859 -14.6886 23.9989 
32.6271 -12.7318 -11.6889 33.6326 
32.7358 -8.52359 -3.43744 32.581 
32.8388 -4.49372 -2.10206 26.0859 
32.9416 -3.4428 -3.59924 20.7436 
33.0542 -4.81972 -7.13152 17.4272 
33.1592 -8.43899 -12.9516 19.3124 
33.2637 -12.9119 -15.5017 29.8508 
33.3659 -11.4436 -6.37057 35.7217 
33.4671 -5.88062 -1.30736 29.7303 
33.5722 -2.95711 -1.77355 22.9502 
33.6826 -2.90262 -3.82925 17.8186 
33.7845 -4.77907 -7.6553 15.4908 
33.8929 -9.35873 -14.8018 19.198 
33.9992 -14.0757 -15.3304 33.1615 
34.1043 -10.162 -3.19631 35.8389 
34.2066 -4.04131 0.0630198 27.8893 
34.3119 -1.63502 -0.755004 21.1132 
34.4193 -1.545 -2.1064 16.0463 
34.531 -2.93493 -5.0208 12.6524 
34.6392 -6.66181 -11.7845 13.2053 
34.7429 -13.334 -19.6888 25.4023 
34.8482 -14.0173 -7.58419 39.9834 
34.9556 -5.06369 2.04707 31.5618 
35.0603 -0.39561 1.96156 23.4341 
35.1617 1.12002 2.18428 17.9721 
35.2625 2.36004 3.98498 14.2022 
35.3687 5.08935 8.91898 12.8699 
35.4782 11.1248 17.8756 20.3104 
35.5794 15.2191 13.801 37.4987 
35.6812 8.51266 -0.0589464 35.4527 
35.7829 2.07277 -1.76931 26.4763 
35.8876 -0.23664 -1.3815 19.9303 
35.9912 -1.15541 -2.03495 15.2322 
36.1028 -2.63336 -4.65045 11.901 
36.2079 -6.07803 -10.9761 12.0469 
36.3112 -12.8362 -19.9641 23.1951 
36.4169 -14.8294 -9.13632 40.5045 
36.522 -5.6917 2.37738 32.7942 
36.6255 -0.294605 2.55385 24.2981 
36.7308 1.61366 2.93502 18.5543 
36.8351 3.26546 5.39819 14.9585 
36.9412 6.72238 11.3605 15.096 
37.0503 12.8825 18.189 26.1474 
37.155 13.3912 8.0811 38.308 
37.2557 6.17951 -0.430776 31.904 
37.3599 1.70285 -0.554517 23.9296 
37.4606 0.525166 0.0937153 18.2752 
37.5637 0.430003 0.586658 13.8962 
37.6666 0.81489 1.44813 10.6139 
37.769 1.93587 3.66985 8.38054 
37.8725 5.023 9.6947 8.39371 
37.981 12.717 21.5338 19.94 
38.0867 16.3302 10.3149 42.8467 
38.1924 5.27655 -4.53145 33.8852 
38.2977 -1.27547 -4.67754 25.0262 
38.4024 -3.77684 -5.81299 20.1932 
38.5053 -6.36507 -9.58995 18.8444 
38.6155 -10.6592 -14.6547 24.3751 
38.7182 -12.6092 -11.3726 33.6737 
38.8186 -8.79393 -3.78723 32.7806 
38.9211 -4.71903 -2.19694 26.4421 
39.0253 -3.55431 -3.6517 21.0147 
39.1387 -4.89797 -7.18224 17.6726 
39.2445 -8.50137 -12.942 19.594 
39.3498 -12.8597 -15.2505 30.0148 
39.4527 -11.2672 -6.2434 35.4743 
39.5559 -5.76784 -1.43763 29.3877 
39.6634 -3.02676 -2.04523 22.6387 
39.7646 -3.07555 -4.03441 18.0492 
39.8689 -5.07785 -8.07933 15.8539 
39.9772 -9.73542 -15.1027 20.138 
40.0837 -13.9739 -14.4603 33.8235 
40.189 -9.64767 -2.86664 35.1571 
40.2967 -3.72918 -0.221295 26.9715 
40.4028 -1.77698 -1.21801 20.4633 
40.5085 -1.99839 -2.88801 15.7654 
40.61 -3.66973 -6.24218 13.1408 
40.716 -7.95654 -13.6597 15.2256 
40.8184 -14.2532 -18.8127 29.5591 
40.9207 -12.5761 -5.06486 38.9799 
41.0264 -4.3186 1.65845 30.0461 
41.1319 -0.509304 1.31006 22.3834 
41.2355 0.631231 1.3647 16.9993 
41.343 1.5354 2.67261 12.9635 
41.4495 3.51642 6.38857 10.7848 
41.5501 8.03576 14.4068 13.5145 
41.6553 15.3114 20.0058 31.2248 
41.7614 11.9159 2.28801 39.7025 
41.8637 2.9786 -3.14034 29.4796 
41.9639 -0.78386 -2.88253 22.3788 
42.0669 -2.45092 -4.01901 17.522 
42.1686 -4.63737 -7.64067 15.1689 
42.2732 -9.12539 -14.6476 18.5738 
42.379 -14.148 -15.9229 32.7095 
42.4836 -10.525 -3.41723 36.3384 
42.5856 -4.11806 0.292247 28.2871 
42.6867 -1.52348 -0.395274 21.5898 
42.7939 -1.18904 -1.49378 16.3245 
42.8988 -2.045 -3.45066 12.6909 
43.0011 -4.44626 -8.0247 11.2815 
43.1097 -10.3937 -17.6405 17.6051 
43.2174 -15.8821 -15.1115 37.8981 
43.3182 -8.86374 0.717854 36.5142 
43.4222 -1.50714 2.7373 26.7712 
43.5239 1.09739 2.62192 20.4299 
43.6267 2.55383 4.18959 16.0914 
43.7314 5.1017 8.61367 14.3653 
43.8335 10.0928 16.1271 19.5457 
43.9341 14.6223 15.2565 34.6399 
44.0399 9.583 1.83015 35.8565 
44.148 2.99385 -0.785232 26.8636 
44.2528 0.809417 -0.0646232 20.2402 
44.3558 0.462246 0.493137 15.3878 
44.4707 0.803662 1.38882 11.3824 
44.5764 1.89874 3.55981 8.88238 
44.6809 4.88901 9.37728 8.65838 
44.7818 11.6691 20.2902 17.7917 
44.8852 16.8353 13.7471 41.3386 
44.9875 7.16278 -3.59518 35.8885 
45.0907 -0.363887 -4.50311 26.217 
45.1915 -3.08462 -5.0599 20.8481 
45.3004 -5.54746 -8.43997 18.3237 
45.4094 -9.65849 -14.0373 22.0157 
45.5146 -12.8976 -13.2783 32.3952 
45.6156 -9.90824 -4.72836 34.0925 
45.7192 -5.12688 -1.85518 27.7005 
45.8219 -3.33305 -2.90974 21.8561 
45.922 -3.89327 -5.384 17.9836 
46.025 -6.50899 -10.1849 17.2614 
46.1325 -11.3998 -16.0308 24.5515 
46.2353 -13.1858 -10.7956 35.5375 
46.3424 -7.6753 -1.89346 32.4099 
46.4474 -3.40081 -1.14816 25.0488 
46.5511 -2.43954 -2.58147 19.4299 
46.6558 -3.47206 -5.33632 15.7189 
46.761 -6.6614 -11.0357 15.6295 
46.8621 -12.088 -17.517 24.5156 
46.9646 -13.7889 -10.1954 37.41 
47.0673 -7.17634 -0.420703 32.8274 
47.172 -2.34688 0.178867 24.7506 
47.2762 -1.05474 -0.732556 18.7803 
47.3765 -1.22928 -1.84148 14.491 
47.478 -2.38908 -4.20353 11.5239 
47.5858 -5.70045 -10.409 11.342 
47.6892 -12.4469 -19.9621 21.7148 
47.7953 -15.3192 -10.2722 40.6831 
47.8975 -6.29299 2.478 33.7789 
48.0006 -0.314104 2.91863 24.9494 
48.107 1.85806 3.32318 19.0579 
48.2118 3.67703 5.99071 15.5695 
48.318 7.34174 12.1213 16.3211 
48.4279 13.2216 17.5149 28.1636 
48.5324 12.5301 6.73989 37.6116 
48.6373 5.47669 -0.149915 30.4745 
48.7398 1.86405 0.116132 23.1252 
48.8426 1.09897 1.08433 17.6472 
48.9447 1.57436 2.52388 13.645 
49.0449 3.20842 5.72417 11.2856 
49.1483 7.38551 13.2493 13.0551 
49.2564 14.7736 20.1994 29.3548 
49.3598 12.8839 4.16068 40.2158 
49.4665 3.54238 -2.88674 30.0554 
49.5697 -0.504479 -2.62469 22.5465 
49.6769 -2.1692 -3.61403 17.3492 
49.7775 -4.14473 -6.89177 14.7035 
49.8823 -8.39311 -13.8369 17.0854 
49.9881 -14.0495 -17.2098 30.9598 
50 -14.3586 -16.3486 32.7962 
