PARAMETRIC_CURVE_CARTESIAN_2D
Log spiral
t1: 0
t2: 20
NumPoints: 201
0 1 0 
0.1 0.93706 0.0940196 
0.2 0.869241 0.176204 
0.3 0.797964 0.246839 
0.4 0.724532 0.306327 
0.5 0.650129 0.355167 
0.6 0.575817 0.393938 
0.7 0.502537 0.423281 
0.8 0.431111 0.443888 
0.9 0.362242 0.456482 
1 0.296524 0.461809 
1.1 0.234442 0.460622 
1.2 0.176378 0.453672 
1.3 0.122623 0.441701 
1.4 0.0733766 0.425429 
1.5 0.0287596 0.405551 
1.6 -0.0111803 0.38273 
1.7 -0.0464607 0.357589 
1.8 -0.0771568 0.330714 
1.9 -0.103394 0.302645 
2 -0.125341 0.273875 
2.1 -0.143202 0.244853 
2.2 -0.157209 0.215978 
2.3 -0.167621 0.187603 
2.4 -0.174709 0.160036 
2.5 -0.178759 0.133537 
2.6 -0.180063 0.108325 
2.7 -0.178915 0.0845779 
2.8 -0.175606 0.0624331 
2.9 -0.170423 0.0419931 
3 -0.163645 0.023327 
3.1 -0.155538 0.00647297 
3.2 -0.146357 -0.00855806 
3.3 -0.136341 -0.0217798 
3.4 -0.125712 -0.0332277 
3.5 -0.114675 -0.0429557 
3.6 -0.103419 -0.0510337 
3.7 -0.0921114 -0.057545 
3.8 -0.0809035 -0.0625834 
3.9 -0.0699273 -0.0662509 
4 -0.0592972 -0.0686556 
4.1 -0.0491101 -0.0699095 
4.2 -0.0394462 -0.0701266 
4.3 -0.0303702 -0.0694216 
4.4 -0.0219317 -0.0679075 
4.5 -0.0141666 -0.0656954 
4.6 -0.00709833 -0.0628925 
4.7 -0.000738438 -0.0596014 
4.8 0.00491173 -0.0559195 
4.9 0.00986011 -0.0519381 
5 0.0141227 -0.047742 
5.1 0.0177225 -0.0434093 
5.2 0.0206884 -0.0390109 
5.3 0.023054 -0.0346104 
5.4 0.024857 -0.0302645 
5.5 0.026138 -0.0260226 
5.6 0.0269395 -0.0219272 
5.7 0.0273055 -0.0180143 
5.8 0.0272806 -0.0143132 
5.9 0.0269092 -0.0108474 
6 0.0262354 -0.00763467 
6.1 0.025302 -0.0046875 
6.2 0.0241502 -0.00201359 
6.3 0.0228195 0.000383738 
6.4 0.0213471 0.00250506 
6.5 0.019768 0.00435444 
6.6 0.0181144 0.00593895 
6.7 0.0164159 0.00726826 
6.8 0.0146993 0.0083542 
6.9 0.0129887 0.00921041 
7 0.0113052 0.00985189 
7.1 0.00966738 0.0102947 
7.2 0.008091 0.0105557 
7.3 0.00658931 0.010652 
7.4 0.00517308 0.0106011 
7.5 0.00385077 0.0104202 
7.6 0.0026287 0.0101264 
7.7 0.00151116 0.00973622 
7.8 0.000500653 0.0092655 
7.9 -0.000401996 0.00872939 
8 -0.00119743 0.00814217 
8.1 -0.00188759 0.00751712 
8.2 -0.00247554 0.00686652 
8.3 -0.00296531 0.00620159 
8.4 -0.00336174 0.00553246 
8.5 -0.00367031 0.00486817 
8.6 -0.00389701 0.00421669 
8.7 -0.00404818 0.00358489 
8.8 -0.00413044 0.00297865 
8.9 -0.00415052 0.00240283 
9 -0.00411519 0.00186137 
9.1 -0.00403119 0.0013573 
9.2 -0.00390508 0.000892863 
9.3 -0.00374324 0.000469512 
9.4 -0.00355178 8.80238e-05 
9.5 -0.0033365 -0.000251453 
9.6 -0.00310286 -0.000549323 
9.7 -0.00285592 -0.000806478 
9.8 -0.00260034 -0.00102423 
9.9 -0.00234038 -0.00120425 
10 -0.00207985 -0.00134849 
10.1 -0.00182216 -0.00145917 
10.2 -0.00157028 -0.00153864 
10.3 -0.00132678 -0.00158944 
10.4 -0.00109384 -0.00161414 
10.5 -0.000873231 -0.00161539 
10.6 -0.000666391 -0.00159582 
10.7 -0.00047441 -0.00155803 
10.8 -0.000298065 -0.00150457 
10.9 -0.000137846 -0.0014379 
11 6.02058e-06 -0.00136035 
11.1 0.000133542 -0.00127417 
11.2 0.000244933 -0.00118142 
11.3 0.000340593 -0.00108403 
11.4 0.000421076 -0.000983777 
11.5 0.000487067 -0.000882268 
11.6 0.000539362 -0.000780944 
11.7 0.000578838 -0.00068108 
11.8 0.000606441 -0.000583791 
11.9 0.000623159 -0.000490029 
12 0.000630009 -0.000400598 
12.1 0.00062802 -0.000316151 
12.2 0.000618217 -0.000237206 
12.3 0.000601608 -0.000164152 
12.4 0.000579176 -9.72569e-05 
12.5 0.000551867 -3.66816e-05 
12.6 0.000520581 1.75134e-05 
12.7 0.000486169 6.53559e-05 
12.8 0.000449424 0.000106952 
12.9 0.000411082 0.000142475 
13 0.000371813 0.000172157 
13.1 0.000332225 0.000196279 
13.2 0.00029286 0.000215161 
13.3 0.000254198 0.000229153 
13.4 0.000216654 0.00023863 
13.5 0.000180582 0.00024398 
13.6 0.000146277 0.000245602 
13.7 0.000113979 0.000243897 
13.8 8.38739e-05 0.000239262 
13.9 5.60995e-05 0.000232089 
14 3.07477e-05 0.000222755 
14.1 7.86911e-06 0.000211626 
14.2 -1.25231e-05 0.000199046 
14.3 -3.04491e-05 0.00018534 
14.4 -4.59583e-05 0.000170812 
14.5 -5.91253e-05 0.00015574 
14.6 -7.00466e-05 0.000140379 
14.7 -7.88362e-05 0.000124958 
14.8 -8.56227e-05 0.000109681 
14.9 -9.05457e-05 9.47271e-05 
15 -9.37529e-05 8.02519e-05 
15.1 -9.53973e-05 6.63862e-05 
15.2 -9.56346e-05 5.32386e-05 
15.3 -9.46208e-05 4.08962e-05 
15.4 -9.25104e-05 2.9426e-05 
15.5 -8.94544e-05 1.88761e-05 
15.6 -8.55988e-05 9.2776e-06 
15.7 -8.10834e-05 6.45703e-07 
15.8 -7.60407e-05 -7.01837e-06 
15.9 -7.05948e-05 -1.37259e-05 
16 -6.48611e-05 -1.94993e-05 
16.1 -5.89454e-05 -2.43702e-05 
16.2 -5.2944e-05 -2.83784e-05 
16.3 -4.69436e-05 -3.157e-05 
16.4 -4.10208e-05 -3.39966e-05 
16.5 -3.52425e-05 -3.57136e-05 
16.6 -2.96666e-05 -3.67793e-05 
16.7 -2.43414e-05 -3.72536e-05 
16.8 -1.93068e-05 -3.71974e-05 
16.9 -1.45943e-05 -3.66714e-05 
17 -1.02279e-05 -3.57355e-05 
17.1 -6.22433e-06 -3.44479e-05 
17.2 -2.59379e-06 -3.28649e-05 
17.3 6.59407e-07 -3.10403e-05 
17.4 3.5363e-06 -2.90246e-05 
17.5 6.0426e-06 -2.68653e-05 
17.6 8.18814e-06 -2.46062e-05 
17.7 9.98624e-06 -2.22877e-05 
17.8 1.14532e-05 -1.9946e-05 
17.9 1.26076e-05 -1.76137e-05 
18 1.34701e-05 -1.53198e-05 
18.1 1.40627e-05 -1.30891e-05 
18.2 1.44082e-05 -1.09431e-05 
18.3 1.45302e-05 -8.89967e-06 
18.4 1.44524e-05 -6.9734e-06 
18.5 1.41984e-05 -5.17568e-06 
18.6 1.37914e-05 -3.51499e-06 
18.7 1.32538e-05 -1.9971e-06 
18.8 1.26074e-05 -6.25282e-07 
18.9 1.18727e-05 5.99414e-07 
19 1.1069e-05 1.67795e-06 
19.1 1.02146e-05 2.61304e-06 
19.2 9.32599e-06 3.40895e-06 
19.3 8.4185e-06 4.07121e-06 
19.4 7.50587e-06 4.60647e-06 
19.5 6.60035e-06 5.02224e-06 
19.6 5.71273e-06 5.3267e-06 
19.7 4.85235e-06 5.52854e-06 
19.8 4.02715e-06 5.63679e-06 
19.9 3.24371e-06 5.66064e-06 
