PARAMETRIC_CURVE_CARTESIAN_2D
Log spiral
t1: 0
t2: 20
NumPoints: 201
0 1 0 
0.1 0.927736 0.0930841 
0.2 0.852029 0.172715 
0.3 0.774381 0.239544 
0.4 0.696123 0.294316 
0.5 0.618422 0.337845 
0.6 0.542284 0.370997 
0.7 0.468563 0.394665 
0.8 0.397965 0.40976 
0.9 0.331064 0.417193 
1 0.268306 0.417862 
1.1 0.210021 0.412641 
1.2 0.156434 0.402371 
1.3 0.107675 0.387856 
1.4 0.0637906 0.36985 
1.5 0.0247536 0.349061 
1.6 -0.00952721 0.326141 
1.7 -0.0391972 0.301686 
1.8 -0.0644468 0.276236 
1.9 -0.0855027 0.250275 
2 -0.102621 0.22423 
2.1 -0.116077 0.198474 
2.2 -0.126164 0.173326 
2.3 -0.13318 0.149057 
2.4 -0.137431 0.125889 
2.5 -0.139218 0.103999 
2.6 -0.138838 0.0835245 
2.7 -0.13658 0.0645651 
2.8 -0.13272 0.0471859 
2.9 -0.127521 0.0314219 
3 -0.121231 0.0172811 
3.1 -0.114079 0.00474758 
3.2 -0.106277 -0.00621442 
3.3 -0.0980185 -0.015658 
3.4 -0.0894777 -0.0236505 
3.5 -0.0808102 -0.0302703 
3.6 -0.0721528 -0.035605 
3.7 -0.0636245 -0.0397483 
3.8 -0.0553268 -0.0427984 
3.9 -0.0473448 -0.0448556 
4 -0.0397481 -0.0460212 
4.1 -0.0325919 -0.0463954 
4.2 -0.025918 -0.0460765 
4.3 -0.0197561 -0.0451594 
4.4 -0.0141248 -0.0437349 
4.5 -0.00903305 -0.0418892 
4.6 -0.00448106 -0.039703 
4.7 -0.000461525 -0.037251 
4.8 0.0030393 -0.034602 
4.9 0.00604057 -0.0318186 
5 0.00856586 -0.028957 
5.1 0.0106423 -0.0260671 
5.2 0.0122997 -0.0231928 
5.3 0.0135697 -0.0203718 
5.4 0.0144854 -0.0176366 
5.5 0.0150803 -0.0150137 
5.6 0.0153881 -0.012525 
5.7 0.0154419 -0.0101875 
5.8 0.0152743 -0.00801393 
5.9 0.0149165 -0.00601301 
6 0.0143983 -0.00419 
6.1 0.0137478 -0.00254696 
6.2 0.0129914 -0.0010832 
6.3 0.0121535 0.000204376 
6.4 0.0112562 0.0013209 
6.5 0.0103198 0.00227322 
6.6 0.00936245 0.00306955 
6.7 0.00840015 0.00371923 
6.8 0.00744692 0.00423238 
6.9 0.00651481 0.00461972 
7 0.005614 0.00489231 
7.1 0.00475291 0.00506134 
7.2 0.00393831 0.00513801 
7.3 0.00317545 0.00513331 
7.4 0.00246815 0.00505793 
7.5 0.00181898 0.00492217 
7.6 0.00122935 0.00473579 
7.7 0.000699687 0.004508 
7.8 0.000229502 0.00424736 
7.9 -0.000182444 0.00396179 
8 -0.000538039 0.00365851 
8.1 -0.000839707 0.00334405 
8.2 -0.0010903 0.00302423 
8.3 -0.00129302 0.0027042 
8.4 -0.0014513 0.00238842 
8.5 -0.00156875 0.00208073 
8.6 -0.00164907 0.00178434 
8.7 -0.00169599 0.0015019 
8.8 -0.00171323 0.00123549 
8.9 -0.00170443 0.000986736 
9 -0.00167311 0.000756775 
9.1 -0.00162265 0.000546347 
9.2 -0.00155625 0.000355823 
9.3 -0.00147691 0.000185248 
9.4 -0.00138742 3.43846e-05 
9.5 -0.00129036 -9.72472e-05 
9.6 -0.00118806 -0.000210332 
9.7 -0.00108263 -0.000305722 
9.8 -0.000975937 -0.000384405 
9.9 -0.00086963 -0.000447471 
10 -0.000765134 -0.000496083 
10.1 -0.000663665 -0.000531456 
10.2 -0.000566236 -0.000554827 
10.3 -0.000473671 -0.00056744 
10.4 -0.000386622 -0.000570526 
10.5 -0.000305576 -0.000565286 
10.6 -0.000230875 -0.00055288 
10.7 -0.000162727 -0.000534417 
10.8 -0.000101222 -0.000510945 
10.9 -4.63461e-05 -0.000483444 
11 2.00408e-06 -0.000452823 
11.1 4.40098e-05 -0.000419913 
11.2 7.99167e-05 -0.000385472 
11.3 0.000110023 -0.000350177 
11.4 0.000134668 -0.00031463 
11.5 0.000154223 -0.000279358 
11.6 0.000169082 -0.000244815 
11.7 0.000179652 -0.000211385 
11.8 0.000186346 -0.000179386 
11.9 0.000189578 -0.000149077 
12 0.000189755 -0.000120658 
12.1 0.000187274 -9.42753e-05 
12.2 0.000182516 -7.00303e-05 
12.3 0.000175846 -4.79803e-05 
12.4 0.000167604 -2.81446e-05 
12.5 0.000158112 -1.05095e-05 
12.6 0.000147665 4.96775e-06 
12.7 0.000136532 1.8354e-05 
12.8 0.000124957 2.97366e-05 
12.9 0.000113159 3.92192e-05 
13 0.000101331 4.69183e-05 
13.1 8.96408e-05 5.29601e-05 
13.2 7.82333e-05 5.74771e-05 
13.3 6.72296e-05 6.06058e-05 
13.4 5.67299e-05 6.24842e-05 
13.5 4.6814e-05 6.32494e-05 
13.6 3.75436e-05 6.30364e-05 
13.7 2.89628e-05 6.19758e-05 
13.8 2.11009e-05 6.01932e-05 
13.9 1.3973e-05 5.78075e-05 
14 7.5823e-06 5.49308e-05 
14.1 1.92119e-06 5.1667e-05 
14.2 -3.02702e-06 4.81122e-05 
14.3 -7.28675e-06 4.43536e-05 
14.4 -1.08888e-05 4.04702e-05 
14.5 -1.3869e-05 3.6532e-05 
14.6 -1.62674e-05 3.26011e-05 
14.7 -1.81265e-05 2.8731e-05 
14.8 -1.9491e-05 2.49675e-05 
14.9 -2.04065e-05 2.13489e-05 
15 -2.09191e-05 1.79066e-05 
15.1 -2.10742e-05 1.46654e-05 
15.2 -2.09164e-05 1.16439e-05 
15.3 -2.04888e-05 8.85549e-06 
15.4 -1.98325e-05 6.30838e-06 
15.5 -1.89865e-05 4.00642e-06 
15.6 -1.79874e-05 1.94956e-06 
15.7 -1.6869e-05 1.34335e-07 
15.8 -1.56625e-05 -1.44561e-06 
15.9 -1.43961e-05 -2.79907e-06 
16 -1.30952e-05 -3.93685e-06 
16.1 -1.17824e-05 -4.87131e-06 
16.2 -1.04776e-05 -5.61605e-06 
16.3 -9.19764e-06 -6.1855e-06 
16.4 -7.95721e-06 -6.59466e-06 
16.5 -6.76833e-06 -6.85879e-06 
16.6 -5.64078e-06 -6.99317e-06 
16.7 -4.5822e-06 -7.01288e-06 
16.8 -3.59828e-06 -6.93263e-06 
16.9 -2.69294e-06 -6.76659e-06 
17 -1.86847e-06 -6.52828e-06 
17.1 -1.12577e-06 -6.23044e-06 
17.2 -4.64461e-07 -5.88499e-06 
17.3 1.16903e-07 -5.50295e-06 
17.4 6.20692e-07 -5.0944e-06 
17.5 1.05005e-06 -4.66848e-06 
17.6 1.40873e-06 -4.23338e-06 
17.7 1.70099e-06 -3.79633e-06 
17.8 1.93144e-06 -3.36365e-06 
17.9 2.10497e-06 -2.94079e-06 
18 2.2266e-06 -2.53234e-06 
18.1 2.30142e-06 -2.14208e-06 
18.2 2.3345e-06 -1.77306e-06 
18.3 2.33084e-06 -1.42763e-06 
18.4 2.29529e-06 -1.1075e-06 
18.5 2.23252e-06 -8.13809e-07 
18.6 2.14694e-06 -5.47188e-07 
18.7 2.04273e-06 -3.078e-07 
18.8 1.92376e-06 -9.54119e-08 
18.9 1.79362e-06 9.05545e-08 
19 1.65558e-06 2.50968e-07 
19.1 1.51258e-06 3.8694e-07 
19.2 1.36726e-06 4.99775e-07 
19.3 1.22193e-06 5.90929e-07 
19.4 1.07862e-06 6.61968e-07 
19.5 9.39058e-07 7.14534e-07 
19.6 8.04686e-07 7.5031e-07 
19.7 6.76694e-07 7.70993e-07 
19.8 5.56026e-07 7.78267e-07 
19.9 4.43401e-07 7.73784e-07 
