PARAMETRIC_CURVE_CARTESIAN_3D
gravity_example_body1
t1: 0
t2: 1000
NumPoints: 1885
0 -100 -50 -50 
0.530786 -100.297 -49.9996 -49.6998 
1.06157 -101.468 -49.9891 -48.4451 
1.59236 -105.823 -49.7322 -42.1361 
2.12314 -108.089 -48.8976 -33.8953 
2.65393 -106.556 -47.4431 -25.6952 
3.18471 -101.903 -45.6272 -18.9624 
3.7155 -93.1284 -43.0327 -12.5495 
4.24628 -80.8182 -39.8792 -7.78997 
4.77707 -69.866 -37.2691 -5.63724 
5.30786 -59.3556 -34.8562 -4.81754 
5.83864 -49.3992 -32.622 -4.95399 
6.36943 -39.1487 -30.3554 -5.91852 
6.90021 -27.7562 -27.8599 -7.91794 
7.431 -16.1591 -25.3295 -10.9576 
7.96178 -5.89451 -23.0853 -14.5461 
8.49257 2.16117 -21.3123 -18.0206 
9.02335 8.821 -19.8323 -21.3944 
9.55414 15.5017 -18.3277 -25.3151 
10.0849 21.6068 -16.927 -29.4683 
10.6157 27.0441 -15.6491 -33.7483 
11.1465 31.8422 -14.4861 -38.1254 
11.6773 36.0592 -13.4222 -42.6161 
12.2081 39.7859 -12.4304 -47.3248 
12.7389 43.2871 -11.4207 -52.7953 
13.2696 45.615 -10.6668 -57.4881 
13.8004 47.1381 -10.0931 -61.5514 
14.3312 48.1624 -9.6134 -65.4134 
14.862 48.759 -9.20484 -69.1945 
15.3928 48.9393 -8.84343 -73.1332 
15.9236 48.6996 -8.57596 -76.6631 
16.4544 48.0408 -8.36027 -80.2539 
16.9851 46.9733 -8.20843 -83.723 
17.5159 45.3647 -8.11348 -87.331 
18.0467 43.0366 -8.08977 -91.1383 
18.5775 40.8293 -8.12899 -93.9515 
19.1083 38.4337 -8.21106 -96.4707 
19.6391 35.65 -8.34017 -98.9179 
20.1699 32.2224 -8.53287 -101.42 
20.7006 28.2412 -8.78857 -103.801 
21.2314 23.8927 -9.09475 -105.905 
21.7622 19.0782 -9.45625 -107.756 
22.293 13.6565 -9.88244 -109.343 
22.8238 7.82799 -10.355 -110.551 
23.3546 1.54442 -10.8735 -111.346 
23.8854 -5.2318 -11.4357 -111.666 
24.4161 -12.0084 -11.9939 -111.458 
24.9469 -18.0085 -12.4787 -110.838 
25.4777 -24.493 -12.9859 -109.694 
26.0085 -31.4377 -13.4997 -107.881 
26.5393 -38.6387 -13.9834 -105.262 
27.0701 -45.8398 -14.3875 -101.689 
27.6008 -52.6718 -14.6406 -97.0118 
28.1316 -58.5881 -14.6375 -91.0834 
28.6624 -62.7617 -14.2168 -83.7652 
29.1932 -63.8742 -13.1807 -75.3899 
29.724 -61.2242 -11.5827 -67.5662 
30.2548 -55.447 -9.57051 -60.9931 
30.7856 -45.1638 -6.69756 -54.8683 
31.3163 -32.0635 -3.44576 -50.8489 
31.8471 -19.6303 -0.543032 -49.1834 
32.3779 -8.01272 2.08243 -48.9848 
32.9087 3.32392 4.59608 -49.8566 
33.4395 16.5051 7.4851 -52.0929 
33.9703 28.6295 10.1306 -55.3061 
34.5011 38.8721 12.3706 -58.9412 
35.0318 46.6522 14.0838 -62.3323 
35.5626 53.3237 15.5673 -65.7377 
36.0934 59.98 17.0676 -69.6738 
36.6242 66.051 18.462 -73.8348 
37.155 71.4547 19.7338 -78.1201 
37.6858 76.2216 20.8913 -82.5022 
38.2166 80.4111 21.9507 -87.0003 
38.7473 84.1164 22.94 -91.7265 
39.2781 87.5856 23.9453 -97.2105 
39.8089 89.8563 24.6856 -101.85 
40.3397 91.3536 25.2548 -105.906 
40.8705 92.354 25.73 -109.759 
41.4013 92.9301 26.1358 -113.543 
41.9321 93.0874 26.4932 -117.474 
42.4628 92.828 26.7572 -120.995 
42.9936 92.1484 26.9698 -124.581 
43.5244 91.0569 27.1188 -128.054 
44.0552 89.4165 27.2106 -131.671 
44.586 87.0297 27.2299 -135.511 
45.1168 84.7819 27.1865 -138.33 
45.6476 82.3638 27.1008 -140.833 
46.1783 79.5333 26.9669 -143.283 
46.7091 76.0356 26.7675 -145.793 
47.2399 72.0255 26.5075 -148.148 
47.7707 67.6404 26.1967 -150.229 
48.3015 62.7791 25.83 -152.057 
48.8323 57.2937 25.3973 -153.621 
49.3631 51.4284 24.9208 -154.793 
49.8938 45.101 24.3981 -155.547 
50.4246 38.2793 23.8322 -155.82 
50.9554 31.4338 23.2692 -155.557 
51.4862 25.5338 22.7937 -154.903 
52.017 18.9915 22.2842 -153.699 
52.5478 12.0124 21.7717 -151.813 
53.0786 4.7986 21.2933 -149.107 
53.6093 -2.38496 20.9004 -145.432 
54.1401 -9.15467 20.6672 -140.638 
54.6709 -14.9421 20.703 -134.579 
55.2017 -18.8834 21.1769 -127.116 
55.7325 -19.6254 22.2735 -118.737 
56.2633 -16.6539 23.9108 -111.045 
56.7941 -10.4522 26.0074 -104.467 
57.3248 0.156267 28.9265 -98.5316 
57.8556 13.3869 32.185 -94.7435 
58.3864 25.7815 35.0663 -93.2549 
58.9172 37.2578 37.6536 -93.1772 
59.448 48.8084 40.2108 -94.1752 
59.9788 62.1167 43.1252 -96.5718 
60.5096 73.971 45.7116 -99.8349 
61.0403 84.0509 47.9174 -103.508 
61.5711 91.5071 49.5608 -106.82 
62.1019 98.2071 51.0524 -110.294 
62.6327 104.811 52.5436 -114.262 
63.1635 110.811 53.9248 -118.439 
63.6943 116.144 55.1838 -122.735 
64.2251 120.846 56.33 -127.127 
64.7558 124.979 57.3802 -131.642 
65.2866 128.641 58.3649 -136.408 
65.8174 132.044 59.3615 -141.924 
66.3482 134.198 60.0743 -146.456 
66.879 135.64 60.6334 -150.497 
67.4098 136.59 61.0994 -154.33 
67.9406 137.151 61.5357 -158.5 
68.4713 137.214 61.8794 -162.427 
69.0021 136.872 62.1283 -165.904 
69.5329 136.099 62.3286 -169.494 
70.0637 134.899 62.4657 -172.989 
70.5945 133.109 62.5433 -176.657 
71.1253 130.827 62.5475 -180.148 
71.6561 128.22 62.486 -183.268 
72.1868 125.727 62.3879 -185.712 
72.7176 122.724 62.2366 -188.174 
73.2484 118.957 62.0121 -190.72 
73.7792 114.837 61.7363 -192.985 
74.31 110.314 61.4086 -194.986 
74.8408 105.275 61.0225 -196.733 
75.3715 99.6519 60.5742 -198.182 
75.9023 93.6491 60.0833 -199.228 
76.4331 87.1689 59.5465 -199.84 
76.9639 80.1902 58.9684 -199.944 
77.4947 73.5911 58.4285 -199.532 
78.0255 67.4561 57.939 -198.702 
78.5563 60.7387 57.4247 -197.274 
79.087 53.6524 56.9193 -195.118 
79.6178 46.4141 56.4641 -192.089 
80.1486 39.324 56.1172 -188.04 
80.6794 32.8215 55.9634 -182.818 
81.2102 27.5617 56.1291 -176.284 
81.741 24.5622 56.8165 -168.29 
82.2718 25.2284 58.1501 -159.894 
82.8025 29.3323 59.9196 -152.747 
83.3333 37.1623 62.3335 -146.238 
83.8641 48.8996 65.4097 -141.042 
84.3949 61.4348 68.4252 -138.249 
84.9257 73.6527 71.2331 -137.257 
85.4565 84.6352 73.693 -137.504 
85.9873 97.8471 76.6053 -139.054 
86.518 111.466 79.5808 -142.02 
87.0488 122.377 81.9626 -145.431 
87.5796 131.392 83.9404 -149.01 
88.1104 138.075 85.4183 -152.166 
88.6412 144.886 86.9417 -155.895 
89.172 151.292 88.3978 -159.963 
89.7028 157.041 89.7328 -164.19 
90.2335 162.132 90.948 -168.523 
90.7643 166.611 92.0557 -172.955 
91.2951 170.552 93.0765 -177.539 
91.8259 174.356 94.131 -182.92 
92.3567 177.161 94.9908 -187.96 
92.8875 178.972 95.6247 -192.2 
93.4183 180.217 96.1468 -196.165 
93.949 180.996 96.5832 -199.952 
94.4798 181.377 96.9819 -203.99 
95.0106 181.28 97.3031 -207.916 
95.5414 180.773 97.5356 -211.465 
96.0722 179.847 97.7097 -214.981 
96.603 178.433 97.8255 -218.546 
97.1338 176.4 97.8754 -222.24 
97.6645 174.278 97.858 -225.211 
98.1953 171.862 97.7902 -227.956 
98.7261 169.277 97.6818 -230.396 
99.2569 166.136 97.5168 -232.869 
99.7877 162.271 97.2799 -235.372 
100.318 158.073 96.9935 -237.579 
100.849 153.452 96.6541 -239.527 
101.38 148.286 96.2545 -241.219 
101.911 142.604 95.7985 -242.583 
102.442 136.505 95.298 -243.544 
102.972 129.924 94.7522 -244.058 
103.503 122.842 94.1665 -244.046 
104.034 116.413 93.6429 -243.541 
104.565 110.131 93.1453 -242.588 
105.096 103.313 92.63 -241.008 
105.626 96.1713 92.1319 -238.666 
106.157 88.9362 91.6953 -235.42 
106.688 81.9342 91.3835 -231.119 
107.219 75.6456 91.289 -225.613 
107.749 70.79 91.551 -218.762 
108.28 68.5095 92.3999 -210.407 
108.811 70.0911 93.8637 -202.201 
109.342 74.777 95.6831 -195.489 
109.873 83.6088 98.2886 -189.084 
110.403 95.9522 101.447 -184.351 
110.934 108.435 104.411 -182.036 
111.465 120.457 107.153 -181.377 
111.996 131.001 109.506 -181.823 
112.527 143.646 112.288 -183.491 
113.057 157.402 115.292 -186.665 
113.588 168.003 117.607 -190.119 
114.119 176.652 119.506 -193.654 
114.65 183.196 120.956 -196.816 
115.18 190.007 122.482 -200.624 
115.711 196.324 123.922 -204.724 
116.242 201.975 125.239 -208.969 
116.773 206.974 126.438 -213.315 
117.304 211.37 127.531 -217.764 
117.834 215.241 128.542 -222.381 
118.365 218.948 129.582 -227.784 
118.896 221.657 130.426 -232.835 
119.427 223.35 131.034 -236.978 
119.958 224.516 131.54 -240.904 
120.488 225.232 131.966 -244.682 
121.019 225.544 132.352 -248.68 
121.55 225.38 132.666 -252.631 
122.081 224.748 132.904 -256.443 
122.611 223.735 133.062 -259.909 
123.142 222.197 133.165 -263.499 
123.673 219.989 133.198 -267.248 
124.204 217.865 133.168 -270.057 
124.735 215.504 133.093 -272.625 
125.265 212.817 132.974 -275.068 
125.796 209.53 132.795 -277.555 
126.327 205.606 132.548 -279.992 
126.858 201.332 132.252 -282.145 
127.389 196.612 131.901 -284.042 
127.919 191.316 131.488 -285.68 
128.45 185.562 131.023 -286.962 
128.981 179.368 130.513 -287.839 
129.512 172.686 129.959 -288.254 
130.042 165.62 129.376 -288.13 
130.573 159.384 128.87 -287.55 
131.104 152.979 128.366 -286.484 
131.635 146.082 127.852 -284.765 
132.166 138.902 127.362 -282.258 
132.696 131.683 126.944 -278.816 
133.227 124.777 126.666 -274.29 
133.758 118.703 126.629 -268.531 
134.289 114.244 126.984 -261.4 
134.82 112.659 127.945 -253.021 
135.35 114.89 129.491 -245.036 
135.881 120.136 131.397 -238.486 
136.412 129.828 134.165 -232.202 
136.943 142.64 137.384 -227.872 
137.473 155.112 140.316 -225.937 
138.004 166.917 142.994 -225.55 
138.535 177.92 145.44 -226.238 
139.066 190.886 148.286 -228.232 
139.597 203.427 151.023 -231.362 
140.127 213.741 153.277 -234.869 
140.658 222.005 155.094 -238.354 
141.189 228.616 156.561 -241.635 
141.72 235.357 158.076 -245.509 
142.251 241.555 159.493 -249.64 
142.781 247.085 160.788 -253.905 
143.312 251.969 161.966 -258.269 
143.843 256.263 163.043 -262.741 
144.374 260.05 164.042 -267.406 
144.904 263.64 165.064 -272.844 
145.435 266.132 165.858 -277.693 
145.966 267.723 166.443 -281.773 
146.497 268.811 166.935 -285.662 
147.028 269.462 167.351 -289.439 
147.558 269.703 167.724 -293.402 
148.089 269.511 168.002 -296.984 
148.62 268.897 168.227 -300.61 
149.151 267.883 168.385 -304.074 
149.682 266.344 168.487 -307.664 
150.212 264.133 168.52 -311.415 
150.743 262.006 168.49 -314.223 
151.274 259.646 168.415 -316.79 
151.805 256.956 168.296 -319.233 
152.335 253.665 168.116 -321.72 
152.866 249.74 167.869 -324.156 
153.397 245.464 167.573 -326.307 
153.928 240.741 167.221 -328.203 
154.459 235.443 166.808 -329.84 
154.989 229.687 166.343 -331.121 
155.52 223.491 165.833 -331.995 
156.051 216.806 165.279 -332.408 
156.582 209.744 164.696 -332.281 
157.113 203.513 164.191 -331.7 
157.643 197.106 163.687 -330.632 
158.174 190.208 163.172 -328.91 
158.705 183.026 162.682 -326.399 
159.236 175.808 162.265 -322.954 
159.766 168.904 161.988 -318.423 
160.297 162.835 161.952 -312.659 
160.828 158.383 162.308 -305.523 
161.359 156.812 163.272 -297.143 
161.89 159.056 164.82 -289.163 
162.42 164.318 166.728 -282.612 
162.951 174.03 169.501 -276.332 
163.482 186.852 172.721 -272.011 
164.013 199.323 175.652 -270.085 
164.544 211.123 178.329 -269.704 
165.074 222.137 180.777 -270.397 
165.605 235.11 183.624 -272.4 
166.136 247.638 186.358 -275.532 
166.667 257.942 188.61 -279.04 
167.197 266.195 190.424 -282.524 
167.728 272.808 191.892 -285.808 
168.259 279.547 193.406 -289.685 
168.79 285.741 194.824 -293.817 
169.321 291.267 196.118 -298.082 
169.851 296.148 197.295 -302.447 
170.382 300.439 198.371 -306.919 
170.913 304.223 199.37 -311.586 
171.444 307.81 200.392 -317.025 
171.975 310.295 201.184 -321.868 
172.505 311.883 201.769 -325.947 
173.036 312.969 202.26 -329.835 
173.567 313.618 202.676 -333.612 
174.098 313.856 203.048 -337.574 
174.628 313.664 203.326 -341.147 
175.159 313.05 203.55 -344.767 
175.69 312.036 203.708 -348.23 
176.221 310.496 203.81 -351.821 
176.752 308.284 203.843 -355.572 
177.282 306.157 203.813 -358.38 
177.813 303.796 203.738 -360.947 
178.344 301.106 203.619 -363.389 
178.875 297.814 203.439 -365.877 
179.406 293.889 203.192 -368.312 
179.936 289.612 202.895 -370.463 
180.467 284.889 202.544 -372.359 
180.998 279.59 202.13 -373.995 
181.529 273.834 201.666 -375.275 
182.059 267.637 201.155 -376.149 
182.59 260.951 200.601 -376.561 
183.121 253.89 200.018 -376.435 
183.652 247.661 199.513 -375.853 
184.183 241.253 199.009 -374.784 
184.713 234.354 198.494 -373.062 
185.244 227.173 198.005 -370.55 
185.775 219.954 197.587 -367.104 
186.306 213.051 197.311 -362.572 
186.837 206.983 197.275 -356.807 
187.367 202.533 197.632 -349.669 
187.898 200.965 198.596 -341.29 
188.429 203.212 200.144 -333.311 
188.96 208.477 202.053 -326.76 
189.49 218.194 204.827 -320.48 
190.021 231.019 208.047 -316.161 
190.552 243.49 210.978 -314.237 
191.083 255.288 213.654 -313.858 
191.614 266.305 216.103 -314.553 
192.144 279.28 218.951 -316.557 
192.675 291.804 221.684 -319.69 
193.206 302.107 223.935 -323.198 
193.737 310.357 225.749 -326.681 
194.268 316.97 227.217 -329.967 
194.798 323.708 228.731 -333.844 
195.329 329.902 230.148 -337.976 
195.86 335.427 231.442 -342.241 
196.391 340.307 232.62 -346.606 
196.921 344.597 233.696 -351.078 
197.452 348.382 234.695 -355.745 
197.983 351.967 235.716 -361.185 
198.514 354.451 236.508 -366.026 
199.045 356.039 237.093 -370.106 
199.575 357.124 237.584 -373.994 
200.106 357.772 238 -377.77 
200.637 358.01 238.371 -381.732 
201.168 357.818 238.649 -385.303 
201.699 357.204 238.873 -388.922 
202.229 356.19 239.031 -392.385 
202.76 354.65 239.133 -395.975 
203.291 352.437 239.166 -399.726 
203.822 350.31 239.136 -402.535 
204.352 347.949 239.061 -405.101 
204.883 345.259 238.942 -407.543 
205.414 341.967 238.762 -410.031 
205.945 338.042 238.515 -412.466 
206.476 333.765 238.218 -414.618 
207.006 329.042 237.867 -416.513 
207.537 323.743 237.453 -418.149 
208.068 317.986 236.989 -419.43 
208.599 311.789 236.479 -420.303 
209.13 305.104 235.924 -420.715 
209.66 298.043 235.341 -420.589 
210.191 291.813 234.836 -420.007 
210.722 285.406 234.332 -418.938 
211.253 278.507 233.818 -417.215 
211.783 271.325 233.328 -414.704 
212.314 264.107 232.91 -411.258 
212.845 257.203 232.634 -406.725 
213.376 251.135 232.598 -400.96 
213.907 246.686 232.955 -393.822 
214.437 245.119 233.919 -385.443 
214.968 247.366 235.467 -377.464 
215.499 252.631 237.377 -370.913 
216.03 262.349 240.15 -364.633 
216.561 275.174 243.371 -360.315 
217.091 287.645 246.302 -358.391 
217.622 299.444 248.978 -358.012 
218.153 310.461 251.427 -358.707 
218.684 323.436 254.274 -360.711 
219.214 335.96 257.008 -363.845 
219.745 346.262 259.259 -367.353 
220.276 354.512 261.073 -370.836 
220.807 361.125 262.541 -374.122 
221.338 367.864 264.055 -377.998 
221.868 374.057 265.472 -382.13 
222.399 379.582 266.766 -386.396 
222.93 384.462 267.944 -390.761 
223.461 388.752 269.02 -395.233 
223.992 392.536 270.018 -399.9 
224.522 396.122 271.04 -405.34 
225.053 398.605 271.831 -410.181 
225.584 400.193 272.416 -414.261 
226.115 401.278 272.908 -418.148 
226.645 401.927 273.323 -421.925 
227.176 402.164 273.695 -425.887 
227.707 401.972 273.973 -429.458 
228.238 401.358 274.197 -433.076 
228.769 400.344 274.355 -436.539 
229.299 398.804 274.457 -440.13 
229.83 396.592 274.49 -443.881 
230.361 394.465 274.46 -446.689 
230.892 392.104 274.385 -449.256 
231.423 389.413 274.265 -451.698 
231.953 386.122 274.086 -454.186 
232.484 382.196 273.839 -456.621 
233.015 377.919 273.542 -458.772 
233.546 373.196 273.19 -460.668 
234.076 367.897 272.777 -462.304 
234.607 362.14 272.312 -463.584 
235.138 355.944 271.802 -464.458 
235.669 349.258 271.247 -464.87 
236.2 342.197 270.665 -464.743 
236.73 335.968 270.16 -464.161 
237.261 329.56 269.656 -463.092 
237.792 322.661 269.141 -461.37 
238.323 315.479 268.651 -458.858 
238.854 308.261 268.234 -455.412 
239.384 301.357 267.957 -450.88 
239.915 295.289 267.921 -445.114 
240.446 290.84 268.278 -437.977 
240.977 289.272 269.243 -429.598 
241.507 291.52 270.791 -421.619 
242.038 296.785 272.7 -415.067 
242.569 306.502 275.474 -408.788 
243.1 319.327 278.695 -404.469 
243.631 331.798 281.625 -402.545 
244.161 343.597 284.301 -402.166 
244.692 354.614 286.75 -402.861 
245.223 367.589 289.598 -404.866 
245.754 380.113 292.331 -407.999 
246.285 390.415 294.583 -411.507 
246.815 398.665 296.397 -414.99 
247.346 405.279 297.864 -418.276 
247.877 412.017 299.379 -422.153 
248.408 418.211 300.796 -426.285 
248.938 423.736 302.09 -430.551 
249.469 428.616 303.267 -434.915 
250 432.906 304.343 -439.387 
250.531 436.691 305.342 -444.055 
251.062 440.276 306.364 -449.494 
251.592 442.76 307.155 -454.335 
252.123 444.348 307.74 -458.415 
252.654 445.433 308.231 -462.303 
253.185 446.082 308.647 -466.079 
253.715 446.319 309.019 -470.041 
254.246 446.127 309.296 -473.612 
254.777 445.513 309.521 -477.231 
255.308 444.499 309.679 -480.694 
255.839 442.959 309.781 -484.285 
256.369 440.747 309.814 -488.036 
256.9 438.62 309.783 -490.844 
257.431 436.259 309.709 -493.41 
257.962 433.568 309.589 -495.853 
258.493 430.277 309.41 -498.34 
259.023 426.351 309.163 -500.776 
259.554 422.074 308.866 -502.927 
260.085 417.351 308.514 -504.822 
260.616 412.052 308.101 -506.458 
261.146 406.296 307.636 -507.739 
261.677 400.099 307.126 -508.613 
262.208 393.413 306.571 -509.025 
262.739 386.352 305.989 -508.898 
263.27 380.123 305.483 -508.316 
263.8 373.715 304.98 -507.247 
264.331 366.816 304.465 -505.525 
264.862 359.635 303.975 -503.014 
265.393 352.416 303.558 -499.568 
265.924 345.512 303.281 -495.035 
266.454 339.444 303.245 -489.27 
266.985 334.995 303.602 -482.133 
267.516 333.426 304.566 -473.753 
268.047 335.673 306.115 -465.774 
268.577 340.938 308.024 -459.223 
269.108 350.655 310.797 -452.944 
269.639 363.48 314.018 -448.625 
270.17 375.951 316.949 -446.7 
270.701 387.749 319.625 -446.321 
271.231 398.766 322.074 -447.016 
271.762 411.741 324.922 -449.02 
272.293 424.266 327.655 -452.153 
272.824 434.568 329.906 -455.662 
273.355 442.819 331.721 -459.145 
273.885 449.433 333.188 -462.43 
274.416 456.171 334.703 -466.307 
274.947 462.365 336.12 -470.439 
275.478 467.89 337.414 -474.705 
276.008 472.771 338.591 -479.069 
276.539 477.061 339.667 -483.542 
277.07 480.845 340.666 -488.209 
277.601 484.431 341.688 -493.648 
278.132 486.915 342.479 -498.49 
278.662 488.503 343.064 -502.569 
279.193 489.588 343.556 -506.457 
279.724 490.237 343.972 -510.234 
280.255 490.475 344.343 -514.195 
280.786 490.282 344.621 -517.767 
281.316 489.669 344.845 -521.386 
281.847 488.654 345.003 -524.849 
282.378 487.115 345.105 -528.44 
282.909 484.902 345.138 -532.191 
283.439 482.775 345.108 -534.999 
283.97 480.414 345.033 -537.565 
284.501 477.724 344.913 -540.008 
285.032 474.432 344.734 -542.496 
285.563 470.507 344.487 -544.931 
286.093 466.23 344.19 -547.082 
286.624 461.507 343.839 -548.977 
287.155 456.208 343.425 -550.614 
287.686 450.451 342.96 -551.894 
288.217 444.255 342.45 -552.768 
288.747 437.569 341.896 -553.18 
289.278 430.508 341.313 -553.053 
289.809 424.278 340.808 -552.472 
290.34 417.871 340.304 -551.403 
290.87 410.972 339.789 -549.681 
291.401 403.79 339.3 -547.169 
291.932 396.572 338.882 -543.723 
292.463 389.668 338.605 -539.191 
292.994 383.6 338.569 -533.426 
293.524 379.15 338.926 -526.289 
294.055 377.581 339.89 -517.91 
294.586 379.828 341.439 -509.931 
295.117 385.092 343.348 -503.379 
295.648 394.808 346.121 -497.1 
296.178 407.632 349.342 -492.78 
296.709 420.103 352.273 -490.856 
297.24 431.902 354.949 -490.476 
297.771 442.919 357.398 -491.171 
298.301 455.894 360.245 -493.175 
298.832 468.419 362.979 -496.308 
299.363 478.722 365.231 -499.816 
299.894 486.973 367.045 -503.299 
300.425 493.587 368.513 -506.585 
300.955 500.325 370.027 -510.462 
301.486 506.519 371.444 -514.594 
302.017 512.045 372.738 -518.859 
302.548 516.925 373.916 -523.224 
303.079 521.215 374.992 -527.696 
303.609 525 375.991 -532.363 
304.14 528.586 377.012 -537.802 
304.671 531.07 377.804 -542.644 
305.202 532.658 378.389 -546.724 
305.732 533.744 378.88 -550.612 
306.263 534.392 379.296 -554.388 
306.794 534.63 379.668 -558.35 
307.325 534.438 379.945 -561.922 
307.856 533.824 380.169 -565.542 
308.386 532.81 380.328 -569.005 
308.917 531.27 380.43 -572.595 
309.448 529.058 380.463 -576.346 
309.979 526.931 380.432 -579.155 
310.51 524.57 380.358 -581.721 
311.04 521.88 380.238 -584.163 
311.571 518.588 380.058 -586.651 
312.102 514.663 379.811 -589.086 
312.633 510.386 379.514 -591.238 
313.163 505.663 379.163 -593.133 
313.694 500.364 378.75 -594.769 
314.225 494.608 378.285 -596.05 
314.756 488.411 377.775 -596.924 
315.287 481.725 377.22 -597.336 
315.817 474.664 376.638 -597.209 
316.348 468.434 376.132 -596.628 
316.879 462.027 375.629 -595.559 
317.41 455.128 375.114 -593.837 
317.941 447.947 374.624 -591.326 
318.471 440.728 374.207 -587.88 
319.002 433.824 373.93 -583.348 
319.533 427.755 373.894 -577.583 
320.064 423.305 374.251 -570.446 
320.594 421.736 375.215 -562.067 
321.125 423.982 376.763 -554.087 
321.656 429.246 378.672 -547.536 
322.187 438.961 381.445 -541.257 
322.718 451.786 384.666 -536.937 
323.248 464.257 387.597 -535.012 
323.779 476.056 390.274 -534.632 
324.31 487.072 392.722 -535.327 
324.841 500.047 395.57 -537.33 
325.372 512.573 398.303 -540.463 
325.902 522.876 400.555 -543.971 
326.433 531.128 402.37 -547.455 
326.964 537.741 403.837 -550.74 
327.495 544.48 405.352 -554.617 
328.025 550.674 406.769 -558.749 
328.556 556.2 408.063 -563.015 
329.087 561.08 409.24 -567.379 
329.618 565.371 410.316 -571.851 
330.149 569.155 411.315 -576.518 
330.679 572.741 412.337 -581.957 
331.21 575.226 413.128 -586.8 
331.741 576.814 413.714 -590.879 
332.272 577.9 414.205 -594.767 
332.803 578.549 414.621 -598.544 
333.333 578.787 414.993 -602.505 
333.864 578.594 415.27 -606.078 
334.395 577.981 415.494 -609.698 
334.926 576.966 415.653 -613.161 
335.456 575.427 415.755 -616.752 
335.987 573.214 415.788 -620.502 
336.518 571.088 415.757 -623.311 
337.049 568.727 415.683 -625.877 
337.58 566.036 415.563 -628.319 
338.11 562.745 415.383 -630.807 
338.641 558.82 415.136 -633.242 
339.172 554.543 414.84 -635.394 
339.703 549.82 414.488 -637.289 
340.234 544.521 414.075 -638.925 
340.764 538.764 413.61 -640.206 
341.295 532.568 413.1 -641.08 
341.826 525.882 412.545 -641.492 
342.357 518.821 411.963 -641.366 
342.887 512.591 411.457 -640.784 
343.418 506.184 410.954 -639.715 
343.949 499.285 410.439 -637.993 
344.48 492.103 409.949 -635.482 
345.011 484.884 409.532 -632.036 
345.541 477.981 409.255 -627.505 
346.072 471.912 409.219 -621.74 
346.603 467.461 409.576 -614.603 
347.134 465.892 410.54 -606.224 
347.665 468.137 412.088 -598.244 
348.195 473.4 413.997 -591.693 
348.726 483.115 416.77 -585.414 
349.257 495.939 419.991 -581.093 
349.788 508.41 422.922 -579.168 
350.318 520.21 425.598 -578.788 
350.849 531.226 428.047 -579.483 
351.38 544.2 430.894 -581.486 
351.911 556.726 433.628 -584.619 
352.442 567.03 435.88 -588.127 
352.972 575.283 437.694 -591.611 
353.503 581.896 439.162 -594.896 
354.034 588.635 440.677 -598.772 
354.565 594.829 442.094 -602.904 
355.096 600.355 443.388 -607.17 
355.626 605.236 444.566 -611.534 
356.157 609.526 445.641 -616.007 
356.688 613.311 446.64 -620.674 
357.219 616.897 447.662 -626.113 
357.749 619.382 448.454 -630.955 
358.28 620.97 449.039 -635.035 
358.811 622.056 449.53 -638.923 
359.342 622.705 449.946 -642.699 
359.873 622.943 450.318 -646.661 
360.403 622.751 450.596 -650.234 
360.934 622.137 450.82 -653.854 
361.465 621.123 450.978 -657.317 
361.996 619.583 451.08 -660.908 
362.527 617.371 451.113 -664.659 
363.057 615.244 451.083 -667.467 
363.588 612.883 451.008 -670.034 
364.119 610.193 450.888 -672.476 
364.65 606.902 450.709 -674.964 
365.18 602.977 450.462 -677.399 
365.711 598.7 450.165 -679.55 
366.242 593.977 449.814 -681.446 
366.773 588.678 449.4 -683.082 
367.304 582.921 448.936 -684.363 
367.834 576.725 448.425 -685.237 
368.365 570.039 447.871 -685.649 
368.896 562.978 447.288 -685.522 
369.427 556.748 446.783 -684.941 
369.958 550.341 446.279 -683.872 
370.488 543.442 445.764 -682.15 
371.019 536.26 445.275 -679.639 
371.55 529.041 444.857 -676.194 
372.081 522.138 444.58 -671.662 
372.611 516.068 444.544 -665.898 
373.142 511.618 444.901 -658.761 
373.673 510.047 445.865 -650.382 
374.204 512.293 447.413 -642.402 
374.735 517.555 449.322 -635.851 
375.265 527.269 452.095 -629.571 
375.796 540.093 455.316 -625.25 
376.327 552.564 458.247 -623.325 
376.858 564.364 460.923 -622.945 
377.389 575.38 463.372 -623.639 
377.919 588.354 466.219 -625.642 
378.45 600.881 468.953 -628.775 
378.981 611.185 471.205 -632.283 
379.512 619.438 473.02 -635.767 
380.042 626.051 474.487 -639.052 
380.573 632.79 476.002 -642.928 
381.104 638.984 477.419 -647.06 
381.635 644.511 478.713 -651.326 
382.166 649.392 479.891 -655.69 
382.696 653.682 480.967 -660.163 
383.227 657.467 481.966 -664.829 
383.758 661.054 482.988 -670.268 
384.289 663.539 483.779 -675.111 
384.82 665.127 484.365 -679.191 
385.35 666.213 484.856 -683.079 
385.881 666.862 485.272 -686.856 
386.412 667.1 485.644 -690.817 
386.943 666.908 485.921 -694.391 
387.473 666.295 486.146 -698.011 
388.004 665.28 486.304 -701.474 
388.535 663.741 486.406 -705.065 
389.066 661.528 486.439 -708.816 
389.597 659.402 486.409 -711.624 
390.127 657.041 486.334 -714.191 
390.658 654.351 486.214 -716.633 
391.189 651.059 486.035 -719.121 
391.72 647.134 485.788 -721.556 
392.251 642.857 485.491 -723.707 
392.781 638.134 485.14 -725.603 
393.312 632.835 484.726 -727.239 
393.843 627.079 484.261 -728.52 
394.374 620.882 483.751 -729.394 
394.904 614.197 483.197 -729.806 
395.435 607.136 482.614 -729.68 
395.966 600.906 482.109 -729.098 
396.497 594.498 481.605 -728.03 
397.028 587.6 481.09 -726.308 
397.558 580.418 480.6 -723.797 
398.089 573.199 480.183 -720.351 
398.62 566.295 479.906 -715.82 
399.151 560.226 479.87 -710.056 
399.682 555.775 480.227 -702.919 
400.212 554.204 481.191 -694.54 
400.743 556.449 482.739 -686.56 
401.274 561.711 484.648 -680.009 
401.805 571.424 487.42 -673.729 
402.335 584.248 490.641 -669.408 
402.866 596.719 493.572 -667.482 
403.397 608.519 496.249 -667.102 
403.928 619.534 498.697 -667.796 
404.459 632.508 501.545 -669.799 
404.989 645.036 504.279 -672.932 
405.52 655.34 506.531 -676.44 
406.051 663.594 508.346 -679.923 
406.582 670.207 509.813 -683.208 
407.113 676.946 511.328 -687.085 
407.643 683.14 512.745 -691.217 
408.174 688.667 514.039 -695.483 
408.705 693.548 515.217 -699.847 
409.236 697.839 516.293 -704.319 
409.766 701.624 517.292 -708.986 
410.297 705.21 518.314 -714.425 
410.828 707.696 519.105 -719.268 
411.359 709.285 519.691 -723.348 
411.89 710.37 520.182 -727.236 
412.42 711.02 520.598 -731.012 
412.951 711.258 520.97 -734.974 
413.482 711.066 521.247 -738.548 
414.013 710.452 521.472 -742.169 
414.544 709.438 521.63 -745.632 
415.074 707.898 521.732 -749.223 
415.605 705.686 521.765 -752.973 
416.136 703.56 521.735 -755.782 
416.667 701.199 521.66 -758.348 
417.197 698.508 521.54 -760.79 
417.728 695.217 521.361 -763.278 
418.259 691.292 521.114 -765.713 
418.79 687.015 520.817 -767.865 
419.321 682.292 520.466 -769.76 
419.851 676.993 520.052 -771.397 
420.382 671.237 519.588 -772.677 
420.913 665.041 519.077 -773.551 
421.444 658.355 518.523 -773.964 
421.975 651.294 517.94 -773.837 
422.505 645.064 517.435 -773.256 
423.036 638.656 516.931 -772.187 
423.567 631.758 516.416 -770.465 
424.098 624.576 515.927 -767.955 
424.628 617.357 515.509 -764.509 
425.159 610.453 515.232 -759.978 
425.69 604.383 515.196 -754.214 
426.221 599.932 515.553 -747.078 
426.752 598.361 516.516 -738.698 
427.282 600.605 518.065 -730.718 
427.813 605.866 519.973 -724.167 
428.344 615.579 522.746 -717.887 
428.875 628.403 525.967 -713.566 
429.406 640.874 528.898 -711.64 
429.936 652.674 531.575 -711.26 
430.467 663.689 534.023 -711.953 
430.998 676.663 536.871 -713.956 
431.529 689.191 539.605 -717.089 
432.059 699.496 541.857 -720.597 
432.59 707.75 543.672 -724.081 
433.121 714.363 545.139 -727.365 
433.652 721.102 546.654 -731.242 
434.183 727.297 548.071 -735.374 
434.713 732.824 549.365 -739.639 
435.244 737.705 550.543 -744.004 
435.775 741.996 551.619 -748.476 
436.306 745.781 552.618 -753.142 
436.837 749.368 553.64 -758.581 
437.367 751.853 554.431 -763.425 
437.898 753.442 555.017 -767.505 
438.429 754.528 555.508 -771.393 
438.96 755.178 555.924 -775.169 
439.49 755.416 556.296 -779.131 
440.021 755.224 556.574 -782.706 
440.552 754.61 556.798 -786.327 
441.083 753.596 556.956 -789.79 
441.614 752.056 557.058 -793.38 
442.144 749.844 557.091 -797.131 
442.675 747.718 557.061 -799.939 
443.206 745.357 556.986 -802.506 
443.737 742.667 556.867 -804.948 
444.268 739.376 556.687 -807.436 
444.798 735.45 556.44 -809.871 
445.329 731.174 556.143 -812.023 
445.86 726.451 555.792 -813.918 
446.391 721.152 555.379 -815.554 
446.921 715.396 554.914 -816.835 
447.452 709.199 554.404 -817.709 
447.983 702.514 553.849 -818.122 
448.514 695.452 553.266 -817.995 
449.045 689.222 552.761 -817.414 
449.575 682.815 552.258 -816.346 
450.106 675.916 551.743 -814.624 
450.637 668.734 551.253 -812.113 
451.168 661.515 550.836 -808.668 
451.699 654.611 550.559 -804.137 
452.229 648.542 550.522 -798.373 
452.76 644.09 550.879 -791.237 
453.291 642.518 551.843 -782.857 
453.822 644.762 553.391 -774.877 
454.352 650.023 555.3 -768.326 
454.883 659.735 558.072 -762.046 
455.414 672.558 561.293 -757.725 
455.945 685.03 564.224 -755.798 
456.476 696.83 566.901 -755.418 
457.006 707.845 569.349 -756.111 
457.537 720.818 572.197 -758.114 
458.068 733.347 574.931 -761.246 
458.599 743.652 577.183 -764.754 
459.13 751.907 578.998 -768.238 
459.66 758.52 580.466 -771.523 
460.191 765.259 581.98 -775.399 
460.722 771.454 583.397 -779.531 
461.253 776.981 584.692 -783.797 
461.783 781.862 585.869 -788.161 
462.314 786.153 586.945 -792.633 
462.845 789.938 587.945 -797.3 
463.376 793.525 588.966 -802.738 
463.907 796.011 589.758 -807.582 
464.437 797.6 590.344 -811.662 
464.968 798.687 590.835 -815.55 
465.499 799.336 591.251 -819.327 
466.03 799.575 591.623 -823.289 
466.561 799.383 591.901 -826.864 
467.091 798.769 592.125 -830.485 
467.622 797.755 592.283 -833.948 
468.153 796.215 592.385 -837.539 
468.684 794.003 592.418 -841.29 
469.214 791.876 592.388 -844.098 
469.745 789.516 592.313 -846.664 
470.276 786.825 592.194 -849.106 
470.807 783.534 592.014 -851.594 
471.338 779.609 591.767 -854.029 
471.868 775.333 591.47 -856.181 
472.399 770.61 591.119 -858.077 
472.93 765.311 590.705 -859.713 
473.461 759.555 590.241 -860.994 
473.992 753.358 589.731 -861.868 
474.522 746.673 589.176 -862.28 
475.053 739.611 588.593 -862.154 
475.584 733.381 588.088 -861.573 
476.115 726.974 587.584 -860.504 
476.645 720.075 587.07 -858.783 
477.176 712.893 586.58 -856.272 
477.707 705.674 586.162 -852.827 
478.238 698.77 585.886 -848.296 
478.769 692.7 585.849 -842.532 
479.299 688.248 586.206 -835.396 
479.83 686.676 587.169 -827.017 
480.361 688.919 588.718 -819.037 
480.892 694.18 590.626 -812.486 
481.423 703.891 593.399 -806.206 
481.953 716.714 596.619 -801.884 
482.484 729.185 599.55 -799.957 
483.015 740.986 602.227 -799.576 
483.546 752.001 604.675 -800.27 
484.076 764.974 607.523 -802.272 
484.607 777.503 610.257 -805.404 
485.138 787.808 612.51 -808.912 
485.669 796.064 614.325 -812.396 
486.2 802.677 615.792 -815.681 
486.73 809.416 617.307 -819.557 
487.261 815.611 618.724 -823.689 
487.792 821.138 620.019 -827.955 
488.323 826.02 621.196 -832.319 
488.854 830.311 622.272 -836.791 
489.384 834.096 623.271 -841.457 
489.915 837.684 624.293 -846.896 
490.446 840.17 625.085 -851.74 
490.977 841.759 625.671 -855.82 
491.507 842.845 626.162 -859.708 
492.038 843.495 626.578 -863.485 
492.569 843.733 626.95 -867.447 
493.1 843.542 627.228 -871.022 
493.631 842.928 627.452 -874.644 
494.161 841.914 627.61 -878.107 
494.692 840.374 627.712 -881.698 
495.223 838.162 627.745 -885.448 
495.754 836.036 627.715 -888.256 
496.285 833.675 627.64 -890.823 
496.815 830.985 627.521 -893.265 
497.346 827.694 627.341 -895.753 
497.877 823.768 627.094 -898.188 
498.408 819.492 626.797 -900.34 
498.938 814.769 626.446 -902.235 
499.469 809.47 626.033 -903.872 
500 803.714 625.568 -905.153 
500.531 797.518 625.058 -906.027 
501.062 790.832 624.503 -906.439 
501.592 783.771 623.921 -906.313 
502.123 777.54 623.415 -905.732 
502.654 771.133 622.912 -904.663 
503.185 764.234 622.397 -902.942 
503.715 757.053 621.907 -900.432 
504.246 749.834 621.49 -896.987 
504.777 742.929 621.213 -892.456 
505.308 736.859 621.176 -886.692 
505.839 732.407 621.533 -879.556 
506.369 730.834 622.496 -871.177 
506.9 733.077 624.045 -863.197 
507.431 738.337 625.953 -856.646 
507.962 748.048 628.725 -850.365 
508.493 760.87 631.946 -846.043 
509.023 773.342 634.877 -844.116 
509.554 785.143 637.554 -843.735 
510.085 796.157 640.002 -844.428 
510.616 809.13 642.85 -846.43 
511.146 821.66 645.584 -849.563 
511.677 831.965 647.837 -853.071 
512.208 840.222 649.652 -856.555 
512.739 846.835 651.119 -859.839 
513.27 853.574 652.634 -863.715 
513.8 859.769 654.051 -867.847 
514.331 865.296 655.346 -872.113 
514.862 870.178 656.524 -876.477 
515.393 874.469 657.6 -880.949 
515.924 878.255 658.599 -885.616 
516.454 881.842 659.621 -891.054 
516.985 884.329 660.413 -895.899 
517.516 885.918 660.998 -899.979 
518.047 887.005 661.489 -903.867 
518.577 887.654 661.905 -907.643 
519.108 887.893 662.277 -911.605 
519.639 887.701 662.555 -915.181 
520.17 887.087 662.78 -918.803 
520.701 886.073 662.938 -922.266 
521.231 884.534 663.04 -925.857 
521.762 882.322 663.073 -929.608 
522.293 880.195 663.043 -932.416 
522.824 877.834 662.968 -934.982 
523.355 875.144 662.848 -937.425 
523.885 871.853 662.669 -939.912 
524.416 867.928 662.422 -942.348 
524.947 863.652 662.125 -944.499 
525.478 858.929 661.774 -946.395 
526.008 853.63 661.36 -948.031 
526.539 847.874 660.896 -949.312 
527.07 841.677 660.386 -950.186 
527.601 834.992 659.831 -950.599 
528.132 827.931 659.248 -950.473 
528.662 821.7 658.743 -949.891 
529.193 815.293 658.239 -948.823 
529.724 808.394 657.724 -947.102 
530.255 801.213 657.235 -944.591 
530.786 793.993 656.817 -941.147 
531.316 787.089 656.54 -936.616 
531.847 781.019 656.504 -930.852 
532.378 776.566 656.86 -923.717 
532.909 774.993 657.824 -915.337 
533.439 777.235 659.372 -907.357 
533.97 782.495 661.28 -900.806 
534.501 792.205 664.052 -894.526 
535.032 805.027 667.273 -890.203 
535.563 817.499 670.205 -888.276 
536.093 829.3 672.882 -887.895 
536.624 840.314 675.33 -888.588 
537.155 853.287 678.177 -890.589 
537.686 865.817 680.912 -893.722 
538.217 876.123 683.164 -897.229 
538.747 884.38 684.98 -900.714 
539.278 890.993 686.447 -903.998 
539.809 897.732 687.962 -907.874 
540.34 903.927 689.379 -912.006 
540.87 909.455 690.673 -916.272 
541.401 914.337 691.851 -920.636 
541.932 918.628 692.927 -925.108 
542.463 922.414 693.926 -929.774 
542.994 926.001 694.948 -935.213 
543.524 928.488 695.74 -940.058 
544.055 930.078 696.326 -944.138 
544.586 931.164 696.817 -948.026 
545.117 931.814 697.233 -951.802 
545.648 932.053 697.605 -955.764 
546.178 931.861 697.883 -959.341 
546.709 931.247 698.108 -962.963 
547.24 930.233 698.266 -966.426 
547.771 928.694 698.368 -970.017 
548.301 926.482 698.401 -973.767 
548.832 924.355 698.371 -976.575 
549.363 921.994 698.296 -979.142 
549.894 919.304 698.176 -981.584 
550.425 916.013 697.997 -984.072 
550.955 912.088 697.75 -986.507 
551.486 907.812 697.453 -988.659 
552.017 903.089 697.102 -990.554 
552.548 897.79 696.688 -992.191 
553.079 892.034 696.224 -993.472 
553.609 885.838 695.714 -994.346 
554.14 879.153 695.159 -994.759 
554.671 872.091 694.576 -994.633 
555.202 865.86 694.071 -994.051 
555.732 859.453 693.567 -992.983 
556.263 852.555 693.052 -991.262 
556.794 845.373 692.563 -988.752 
557.325 838.154 692.145 -985.307 
557.856 831.249 691.868 -980.777 
558.386 825.179 691.832 -975.013 
558.917 820.726 692.188 -967.878 
559.448 819.152 693.152 -959.498 
559.979 821.394 694.7 -951.518 
560.51 826.653 696.608 -944.967 
561.04 836.362 699.38 -938.686 
561.571 849.184 702.601 -934.363 
562.102 861.656 705.532 -932.436 
562.633 873.457 708.209 -932.055 
563.163 884.471 710.657 -932.747 
563.694 897.444 713.505 -934.749 
564.225 909.975 716.239 -937.881 
564.756 920.281 718.492 -941.389 
565.287 928.538 720.307 -944.873 
565.817 935.151 721.775 -948.157 
566.348 941.891 723.29 -952.033 
566.879 948.086 724.707 -956.165 
567.41 953.614 726.001 -960.431 
567.941 958.496 727.179 -964.795 
568.471 962.788 728.255 -969.267 
569.002 966.573 729.254 -973.933 
569.533 970.161 730.276 -979.372 
570.064 972.648 731.068 -984.217 
570.594 974.238 731.654 -988.297 
571.125 975.324 732.145 -992.185 
571.656 975.974 732.561 -995.962 
572.187 976.213 732.933 -999.924 
572.718 976.021 733.211 -1003.5 
573.248 975.408 733.436 -1007.12 
573.779 974.393 733.594 -1010.59 
574.31 972.854 733.696 -1014.18 
574.841 970.642 733.729 -1017.93 
575.372 968.516 733.699 -1020.74 
575.902 966.155 733.624 -1023.3 
576.433 963.465 733.505 -1025.74 
576.964 960.174 733.325 -1028.23 
577.495 956.249 733.078 -1030.67 
578.025 951.972 732.781 -1032.82 
578.556 947.25 732.43 -1034.71 
579.087 941.951 732.017 -1036.35 
579.618 936.195 731.552 -1037.63 
580.149 929.999 731.042 -1038.51 
580.679 923.314 730.487 -1038.92 
581.21 916.252 729.904 -1038.79 
581.741 910.021 729.399 -1038.21 
582.272 903.614 728.896 -1037.14 
582.803 896.715 728.381 -1035.42 
583.333 889.534 727.891 -1032.91 
583.864 882.314 727.473 -1029.47 
584.395 875.41 727.196 -1024.94 
584.926 869.339 727.16 -1019.17 
585.456 864.886 727.516 -1012.04 
585.987 863.311 728.48 -1003.66 
586.518 865.553 730.028 -995.679 
587.049 870.811 731.936 -989.128 
587.58 880.52 734.708 -982.847 
588.11 893.342 737.929 -978.524 
588.641 905.814 740.86 -976.597 
589.172 917.615 743.537 -976.215 
589.703 928.629 745.985 -976.908 
590.234 941.602 748.833 -978.909 
590.764 954.133 751.567 -982.041 
591.295 964.439 753.82 -985.549 
591.826 972.697 755.636 -989.033 
592.357 979.31 757.103 -992.317 
592.887 986.05 758.618 -996.193 
593.418 992.245 760.035 -1000.32 
593.949 997.773 761.33 -1004.59 
594.48 1002.66 762.508 -1008.95 
595.011 1006.95 763.584 -1013.43 
595.541 1010.73 764.583 -1018.09 
596.072 1014.32 765.605 -1023.53 
596.603 1016.81 766.397 -1028.38 
597.134 1018.4 766.983 -1032.46 
597.665 1019.48 767.474 -1036.35 
598.195 1020.13 767.89 -1040.12 
598.726 1020.37 768.262 -1044.08 
599.257 1020.18 768.54 -1047.66 
599.788 1019.57 768.764 -1051.28 
600.318 1018.55 768.923 -1054.75 
600.849 1017.01 769.025 -1058.34 
601.38 1014.8 769.058 -1062.09 
601.911 1012.68 769.028 -1064.9 
602.442 1010.32 768.953 -1067.46 
602.972 1007.63 768.833 -1069.9 
603.503 1004.34 768.654 -1072.39 
604.034 1000.41 768.407 -1074.83 
604.565 996.134 768.11 -1076.98 
605.096 991.411 767.759 -1078.88 
605.626 986.112 767.345 -1080.51 
606.157 980.356 766.881 -1081.79 
606.688 974.16 766.371 -1082.67 
607.219 967.475 765.816 -1083.08 
607.749 960.413 765.233 -1082.95 
608.28 954.182 764.728 -1082.37 
608.811 947.775 764.224 -1081.3 
609.342 940.877 763.709 -1079.58 
609.873 933.695 763.22 -1077.07 
610.403 926.476 762.802 -1073.63 
610.934 919.571 762.525 -1069.1 
611.465 913.5 762.489 -1063.34 
611.996 909.046 762.845 -1056.2 
612.527 907.471 763.808 -1047.82 
613.057 909.713 765.356 -1039.84 
613.588 914.97 767.264 -1033.29 
614.119 924.679 770.036 -1027.01 
614.65 937.5 773.257 -1022.69 
615.18 949.972 776.188 -1020.76 
615.711 961.774 778.866 -1020.38 
616.242 972.787 781.313 -1021.07 
616.773 985.76 784.161 -1023.07 
617.304 998.291 786.896 -1026.2 
617.834 1008.6 789.148 -1029.71 
618.365 1016.86 790.964 -1033.19 
618.896 1023.47 792.432 -1036.48 
619.427 1030.21 793.946 -1040.35 
619.958 1036.41 795.364 -1044.48 
620.488 1041.93 796.658 -1048.75 
621.019 1046.82 797.836 -1053.11 
621.55 1051.11 798.912 -1057.59 
622.081 1054.89 799.912 -1062.25 
622.611 1058.48 800.934 -1067.69 
623.142 1060.97 801.726 -1072.54 
623.673 1062.56 802.311 -1076.62 
624.204 1063.65 802.803 -1080.51 
624.735 1064.3 803.219 -1084.28 
625.265 1064.54 803.591 -1088.24 
625.796 1064.34 803.869 -1091.82 
626.327 1063.73 804.093 -1095.44 
626.858 1062.72 804.252 -1098.91 
627.389 1061.18 804.354 -1102.5 
627.919 1058.96 804.387 -1106.25 
628.45 1056.84 804.357 -1109.06 
628.981 1054.48 804.282 -1111.62 
629.512 1051.79 804.162 -1114.07 
630.042 1048.5 803.983 -1116.55 
630.573 1044.57 803.736 -1118.99 
631.104 1040.3 803.439 -1121.14 
631.635 1035.57 803.088 -1123.04 
632.166 1030.27 802.674 -1124.67 
632.696 1024.52 802.21 -1125.95 
633.227 1018.32 801.7 -1126.83 
633.758 1011.64 801.145 -1127.24 
634.289 1004.57 800.562 -1127.12 
634.82 998.344 800.057 -1126.53 
635.35 991.937 799.553 -1125.47 
635.881 985.038 799.038 -1123.74 
636.412 977.857 798.549 -1121.24 
636.943 970.637 798.131 -1117.79 
637.473 963.732 797.854 -1113.26 
638.004 957.661 797.818 -1107.5 
638.535 953.207 798.174 -1100.36 
639.066 951.632 799.137 -1091.98 
639.597 953.873 800.685 -1084 
640.127 959.13 802.593 -1077.45 
640.658 968.837 805.365 -1071.17 
641.189 981.659 808.586 -1066.85 
641.72 994.131 811.517 -1064.92 
642.251 1005.93 814.194 -1064.54 
642.781 1016.95 816.642 -1065.23 
643.312 1029.92 819.49 -1067.23 
643.843 1042.45 822.225 -1070.36 
644.374 1052.76 824.477 -1073.87 
644.904 1061.02 826.293 -1077.35 
645.435 1067.63 827.761 -1080.64 
645.966 1074.37 829.275 -1084.51 
646.497 1080.57 830.693 -1088.65 
647.028 1086.09 831.987 -1092.91 
647.558 1090.98 833.165 -1097.28 
648.089 1095.27 834.242 -1101.75 
648.62 1099.05 835.241 -1106.41 
649.151 1102.64 836.263 -1111.85 
649.682 1105.13 837.055 -1116.7 
650.212 1106.72 837.641 -1120.78 
650.743 1107.81 838.132 -1124.67 
651.274 1108.46 838.548 -1128.44 
651.805 1108.7 838.92 -1132.4 
652.335 1108.51 839.198 -1135.98 
652.866 1107.89 839.423 -1139.61 
653.397 1106.88 839.581 -1143.07 
653.928 1105.34 839.683 -1146.66 
654.459 1103.13 839.716 -1150.41 
654.989 1101 839.686 -1153.22 
655.52 1098.64 839.611 -1155.79 
656.051 1095.95 839.492 -1158.23 
656.582 1092.66 839.312 -1160.72 
657.113 1088.73 839.065 -1163.15 
657.643 1084.46 838.768 -1165.3 
658.174 1079.73 838.417 -1167.2 
658.705 1074.44 838.004 -1168.83 
659.236 1068.68 837.539 -1170.12 
659.766 1062.48 837.029 -1170.99 
660.297 1055.8 836.474 -1171.4 
660.828 1048.74 835.892 -1171.28 
661.359 1042.51 835.386 -1170.7 
661.89 1036.1 834.883 -1169.63 
662.42 1029.2 834.368 -1167.91 
662.951 1022.02 833.878 -1165.4 
663.482 1014.8 833.461 -1161.95 
664.013 1007.89 833.184 -1157.42 
664.544 1001.82 833.147 -1151.66 
665.074 997.369 833.503 -1144.53 
665.605 995.793 834.466 -1136.15 
666.136 998.033 836.014 -1128.17 
666.667 1003.29 837.922 -1121.61 
667.197 1013 840.694 -1115.33 
667.728 1025.82 843.915 -1111.01 
668.259 1038.29 846.846 -1109.08 
668.79 1050.09 849.523 -1108.7 
669.321 1061.1 851.971 -1109.39 
669.851 1074.08 854.819 -1111.39 
670.382 1086.61 857.554 -1114.52 
670.913 1096.92 859.806 -1118.03 
671.444 1105.18 861.623 -1121.52 
671.975 1111.79 863.09 -1124.8 
672.505 1118.53 864.605 -1128.67 
673.036 1124.73 866.022 -1132.81 
673.567 1130.25 867.317 -1137.07 
674.098 1135.14 868.495 -1141.44 
674.628 1139.43 869.571 -1145.91 
675.159 1143.22 870.57 -1150.57 
675.69 1146.8 871.592 -1156.01 
676.221 1149.29 872.385 -1160.86 
676.752 1150.88 872.97 -1164.94 
677.282 1151.97 873.462 -1168.83 
677.813 1152.62 873.878 -1172.6 
678.344 1152.86 874.25 -1176.57 
678.875 1152.67 874.528 -1180.14 
679.406 1152.05 874.753 -1183.77 
679.936 1151.04 874.911 -1187.23 
680.467 1149.5 875.013 -1190.82 
680.998 1147.29 875.046 -1194.57 
681.529 1145.16 875.016 -1197.38 
682.059 1142.8 874.941 -1199.95 
682.59 1140.11 874.821 -1202.39 
683.121 1136.82 874.642 -1204.88 
683.652 1132.9 874.395 -1207.31 
684.183 1128.62 874.098 -1209.46 
684.713 1123.9 873.747 -1211.36 
685.244 1118.6 873.333 -1213 
685.775 1112.84 872.869 -1214.28 
686.306 1106.65 872.359 -1215.15 
686.837 1099.96 871.804 -1215.57 
687.367 1092.9 871.221 -1215.44 
687.898 1086.67 870.716 -1214.86 
688.429 1080.26 870.212 -1213.79 
688.96 1073.36 869.698 -1212.07 
689.49 1066.18 869.208 -1209.56 
690.021 1058.96 868.79 -1206.12 
690.552 1052.06 868.513 -1201.59 
691.083 1045.99 868.477 -1195.82 
691.614 1041.53 868.833 -1188.69 
692.144 1039.95 869.796 -1180.31 
692.675 1042.19 871.344 -1172.33 
693.206 1047.45 873.252 -1165.78 
693.737 1057.16 876.023 -1159.5 
694.268 1069.98 879.244 -1155.17 
694.798 1082.45 882.175 -1153.24 
695.329 1094.25 884.853 -1152.86 
695.86 1105.26 887.301 -1153.55 
696.391 1118.24 890.148 -1155.55 
696.921 1130.77 892.883 -1158.68 
697.452 1141.08 895.136 -1162.19 
697.983 1149.34 896.952 -1165.68 
698.514 1155.95 898.42 -1168.96 
699.045 1162.69 899.934 -1172.84 
699.575 1168.89 901.352 -1176.97 
700.106 1174.42 902.647 -1181.23 
700.637 1179.3 903.825 -1185.6 
701.168 1183.59 904.901 -1190.07 
701.699 1187.38 905.9 -1194.74 
702.229 1190.97 906.922 -1200.17 
702.76 1193.45 907.715 -1205.02 
703.291 1195.04 908.3 -1209.1 
703.822 1196.13 908.792 -1212.99 
704.352 1196.78 909.208 -1216.77 
704.883 1197.02 909.58 -1220.73 
705.414 1196.83 909.858 -1224.31 
705.945 1196.22 910.083 -1227.93 
706.476 1195.2 910.241 -1231.39 
707.006 1193.66 910.343 -1234.98 
707.537 1191.45 910.376 -1238.73 
708.068 1189.32 910.346 -1241.54 
708.599 1186.96 910.271 -1244.11 
709.13 1184.27 910.152 -1246.55 
709.66 1180.98 909.972 -1249.04 
710.191 1177.06 909.725 -1251.48 
710.722 1172.78 909.428 -1253.63 
711.253 1168.06 909.077 -1255.52 
711.783 1162.76 908.664 -1257.16 
712.314 1157.01 908.199 -1258.44 
712.845 1150.81 907.689 -1259.31 
713.376 1144.12 907.134 -1259.73 
713.907 1137.06 906.551 -1259.6 
714.437 1130.83 906.046 -1259.02 
714.968 1124.42 905.543 -1257.95 
715.499 1117.53 905.028 -1256.23 
716.03 1110.34 904.538 -1253.72 
716.561 1103.12 904.12 -1250.28 
717.091 1096.22 903.843 -1245.75 
717.622 1090.15 903.807 -1239.99 
718.153 1085.69 904.163 -1232.85 
718.684 1084.12 905.126 -1224.47 
719.214 1086.36 906.674 -1216.49 
719.745 1091.61 908.581 -1209.94 
720.276 1101.32 911.353 -1203.66 
720.807 1114.14 914.574 -1199.34 
721.338 1126.61 917.505 -1197.41 
721.868 1138.41 920.183 -1197.02 
722.399 1149.42 922.63 -1197.72 
722.93 1162.4 925.478 -1199.72 
723.461 1174.93 928.213 -1202.85 
723.992 1185.24 930.466 -1206.35 
724.522 1193.5 932.282 -1209.84 
725.053 1200.11 933.75 -1213.12 
725.584 1206.85 935.265 -1217 
726.115 1213.05 936.682 -1221.13 
726.645 1218.58 937.977 -1225.4 
727.176 1223.46 939.155 -1229.76 
727.707 1227.75 940.231 -1234.23 
728.238 1231.54 941.23 -1238.9 
728.769 1235.13 942.252 -1244.34 
729.299 1237.62 943.045 -1249.18 
729.83 1239.21 943.631 -1253.26 
730.361 1240.29 944.122 -1257.15 
730.892 1240.94 944.538 -1260.93 
731.423 1241.18 944.91 -1264.89 
731.953 1240.99 945.189 -1268.47 
732.484 1240.38 945.413 -1272.09 
733.015 1239.37 945.571 -1275.56 
733.546 1237.83 945.674 -1279.15 
734.076 1235.61 945.707 -1282.9 
734.607 1233.49 945.676 -1285.71 
735.138 1231.13 945.601 -1288.27 
735.669 1228.44 945.482 -1290.71 
736.2 1225.15 945.303 -1293.2 
736.73 1221.22 945.056 -1295.64 
737.261 1216.95 944.759 -1297.79 
737.792 1212.22 944.408 -1299.69 
738.323 1206.93 943.994 -1301.32 
738.854 1201.17 943.53 -1302.6 
739.384 1194.97 943.019 -1303.48 
739.915 1188.29 942.465 -1303.89 
740.446 1181.23 941.882 -1303.77 
740.977 1174.99 941.377 -1303.18 
741.507 1168.59 940.873 -1302.12 
742.038 1161.69 940.358 -1300.4 
742.569 1154.51 939.868 -1297.89 
743.1 1147.29 939.451 -1294.44 
743.631 1140.38 939.174 -1289.91 
744.161 1134.31 939.137 -1284.15 
744.692 1129.86 939.493 -1277.02 
745.223 1128.28 940.456 -1268.64 
745.754 1130.52 942.004 -1260.66 
746.285 1135.77 943.912 -1254.1 
746.815 1145.48 946.683 -1247.82 
747.346 1158.3 949.904 -1243.5 
747.877 1170.77 952.835 -1241.57 
748.408 1182.57 955.513 -1241.19 
748.938 1193.58 957.961 -1241.88 
749.469 1206.56 960.808 -1243.88 
750 1219.09 963.543 -1247.01 
750.531 1229.4 965.796 -1250.52 
751.062 1237.66 967.613 -1254 
751.592 1244.27 969.08 -1257.29 
752.123 1251.01 970.595 -1261.16 
752.654 1257.21 972.013 -1265.29 
753.185 1262.74 973.307 -1269.56 
753.715 1267.62 974.485 -1273.92 
754.246 1271.92 975.562 -1278.39 
754.777 1275.7 976.561 -1283.06 
755.308 1279.29 977.583 -1288.5 
755.839 1281.78 978.376 -1293.34 
756.369 1283.37 978.961 -1297.42 
756.9 1284.46 979.453 -1301.31 
757.431 1285.11 979.869 -1305.09 
757.962 1285.35 980.241 -1309.05 
758.493 1285.16 980.519 -1312.63 
759.023 1284.54 980.744 -1316.26 
759.554 1283.53 980.902 -1319.72 
760.085 1281.99 981.004 -1323.31 
760.616 1279.78 981.037 -1327.06 
761.146 1277.65 981.007 -1329.87 
761.677 1275.29 980.932 -1332.44 
762.208 1272.6 980.813 -1334.88 
762.739 1269.31 980.633 -1337.37 
763.27 1265.39 980.386 -1339.8 
763.8 1261.11 980.09 -1341.95 
764.331 1256.39 979.739 -1343.85 
764.862 1251.09 979.325 -1345.49 
765.393 1245.33 978.86 -1346.77 
765.924 1239.14 978.35 -1347.64 
766.454 1232.45 977.796 -1348.05 
766.985 1225.39 977.213 -1347.93 
767.516 1219.16 976.708 -1347.35 
768.047 1212.75 976.204 -1346.28 
768.577 1205.85 975.689 -1344.56 
769.108 1198.67 975.199 -1342.05 
769.639 1191.45 974.782 -1338.61 
770.17 1184.55 974.505 -1334.08 
770.701 1178.47 974.468 -1328.32 
771.231 1174.02 974.824 -1321.18 
771.762 1172.44 975.787 -1312.8 
772.293 1174.68 977.335 -1304.82 
772.824 1179.93 979.242 -1298.27 
773.355 1189.64 982.013 -1291.99 
773.885 1202.46 985.234 -1287.66 
774.416 1214.93 988.166 -1285.73 
774.947 1226.73 990.844 -1285.35 
775.478 1237.75 993.291 -1286.04 
776.008 1250.72 996.138 -1288.04 
776.539 1263.25 998.874 -1291.17 
777.07 1273.56 1001.13 -1294.68 
777.601 1281.82 1002.94 -1298.17 
778.132 1288.44 1004.41 -1301.45 
778.662 1295.18 1005.93 -1305.32 
779.193 1301.37 1007.34 -1309.46 
779.724 1306.9 1008.64 -1313.72 
780.255 1311.79 1009.82 -1318.08 
780.786 1316.08 1010.89 -1322.56 
781.316 1319.86 1011.89 -1327.22 
781.847 1323.45 1012.91 -1332.66 
782.378 1325.94 1013.71 -1337.51 
782.909 1327.53 1014.29 -1341.59 
783.439 1328.62 1014.78 -1345.48 
783.97 1329.27 1015.2 -1349.25 
784.501 1329.51 1015.57 -1353.22 
785.032 1329.32 1015.85 -1356.8 
785.563 1328.71 1016.08 -1360.42 
786.093 1327.69 1016.23 -1363.88 
786.624 1326.15 1016.34 -1367.47 
787.155 1323.94 1016.37 -1371.23 
787.686 1321.82 1016.34 -1374.03 
788.217 1319.46 1016.26 -1376.6 
788.747 1316.77 1016.14 -1379.04 
789.278 1313.48 1015.96 -1381.53 
789.809 1309.55 1015.72 -1383.97 
790.34 1305.27 1015.42 -1386.12 
790.87 1300.55 1015.07 -1388.01 
791.401 1295.25 1014.66 -1389.65 
791.932 1289.5 1014.19 -1390.93 
792.463 1283.3 1013.68 -1391.81 
792.994 1276.62 1013.13 -1392.22 
793.524 1269.55 1012.54 -1392.09 
794.055 1263.32 1012.04 -1391.51 
794.586 1256.92 1011.54 -1390.44 
795.117 1250.02 1011.02 -1388.72 
795.648 1242.84 1010.53 -1386.21 
796.178 1235.62 1010.11 -1382.77 
796.709 1228.71 1009.84 -1378.24 
797.24 1222.64 1009.8 -1372.48 
797.771 1218.18 1010.16 -1365.35 
798.301 1216.6 1011.12 -1356.97 
798.832 1218.84 1012.67 -1348.98 
799.363 1224.1 1014.57 -1342.43 
799.894 1233.8 1017.34 -1336.15 
800.425 1246.62 1020.56 -1331.83 
800.955 1259.09 1023.5 -1329.9 
801.486 1270.9 1026.17 -1329.51 
802.017 1281.91 1028.62 -1330.21 
802.548 1294.88 1031.47 -1332.2 
803.079 1307.41 1034.21 -1335.34 
803.609 1317.72 1036.46 -1338.84 
804.14 1325.99 1038.27 -1342.33 
804.671 1332.6 1039.74 -1345.61 
805.202 1339.34 1041.26 -1349.49 
805.732 1345.54 1042.67 -1353.62 
806.263 1351.06 1043.97 -1357.88 
806.794 1355.95 1045.15 -1362.25 
807.325 1360.24 1046.22 -1366.72 
807.856 1364.03 1047.22 -1371.39 
808.386 1367.62 1048.25 -1376.82 
808.917 1370.11 1049.04 -1381.67 
809.448 1371.7 1049.62 -1385.75 
809.979 1372.79 1050.12 -1389.64 
810.51 1373.44 1050.53 -1393.42 
811.04 1373.68 1050.9 -1397.38 
811.571 1373.49 1051.18 -1400.96 
812.102 1372.87 1051.41 -1404.59 
812.633 1371.86 1051.56 -1408.05 
813.163 1370.32 1051.67 -1411.64 
813.694 1368.11 1051.7 -1415.39 
814.225 1365.98 1051.67 -1418.2 
814.756 1363.62 1051.6 -1420.76 
815.287 1360.93 1051.48 -1423.21 
815.817 1357.64 1051.3 -1425.69 
816.348 1353.72 1051.05 -1428.13 
816.879 1349.44 1050.75 -1430.28 
817.41 1344.72 1050.4 -1432.18 
817.941 1339.42 1049.99 -1433.81 
818.471 1333.66 1049.52 -1435.09 
819.002 1327.47 1049.01 -1435.97 
819.533 1320.78 1048.46 -1436.38 
820.064 1313.72 1047.88 -1436.26 
820.594 1307.49 1047.37 -1435.68 
821.125 1301.08 1046.87 -1434.61 
821.656 1294.18 1046.35 -1432.89 
822.187 1287 1045.86 -1430.38 
822.718 1279.78 1045.44 -1426.94 
823.248 1272.88 1045.17 -1422.41 
823.779 1266.8 1045.13 -1416.65 
824.31 1262.35 1045.49 -1409.51 
824.841 1260.77 1046.45 -1401.13 
825.372 1263.01 1048 -1393.15 
825.902 1268.26 1049.9 -1386.6 
826.433 1277.96 1052.68 -1380.32 
826.964 1290.78 1055.9 -1375.99 
827.495 1303.25 1058.83 -1374.06 
828.025 1315.06 1061.51 -1373.68 
828.556 1326.07 1063.95 -1374.37 
829.087 1339.04 1066.8 -1376.37 
829.618 1351.58 1069.54 -1379.5 
830.149 1361.89 1071.79 -1383.01 
830.679 1370.15 1073.61 -1386.49 
831.21 1376.76 1075.07 -1389.78 
831.741 1383.5 1076.59 -1393.65 
832.272 1389.7 1078.01 -1397.78 
832.803 1395.23 1079.3 -1402.05 
833.333 1400.11 1080.48 -1406.41 
833.864 1404.41 1081.56 -1410.88 
834.395 1408.19 1082.55 -1415.55 
834.926 1411.78 1083.58 -1420.99 
835.456 1414.27 1084.37 -1425.84 
835.987 1415.86 1084.96 -1429.92 
836.518 1416.95 1085.45 -1433.8 
837.049 1417.6 1085.86 -1437.58 
837.58 1417.84 1086.24 -1441.54 
838.11 1417.65 1086.51 -1445.12 
838.641 1417.04 1086.74 -1448.75 
839.172 1416.02 1086.9 -1452.21 
839.703 1414.48 1087 -1455.8 
840.234 1412.27 1087.03 -1459.55 
840.764 1410.15 1087 -1462.36 
841.295 1407.78 1086.93 -1464.93 
841.826 1405.1 1086.81 -1467.37 
842.357 1401.81 1086.63 -1469.86 
842.887 1397.88 1086.38 -1472.29 
843.418 1393.6 1086.08 -1474.45 
843.949 1388.88 1085.73 -1476.34 
844.48 1383.58 1085.32 -1477.98 
845.011 1377.83 1084.86 -1479.26 
845.541 1371.63 1084.35 -1480.13 
846.072 1364.95 1083.79 -1480.55 
846.603 1357.88 1083.21 -1480.42 
847.134 1351.65 1082.7 -1479.84 
847.665 1345.25 1082.2 -1478.77 
848.195 1338.35 1081.68 -1477.05 
848.726 1331.17 1081.19 -1474.54 
849.257 1323.95 1080.78 -1471.1 
849.788 1317.04 1080.5 -1466.57 
850.318 1310.97 1080.46 -1460.81 
850.849 1306.51 1080.82 -1453.68 
851.38 1304.93 1081.78 -1445.3 
851.911 1307.17 1083.33 -1437.32 
852.442 1312.42 1085.24 -1430.77 
852.972 1322.13 1088.01 -1424.48 
853.503 1334.94 1091.23 -1420.16 
854.034 1347.42 1094.16 -1418.23 
854.565 1359.22 1096.84 -1417.84 
855.096 1370.23 1099.28 -1418.53 
855.626 1383.2 1102.13 -1420.53 
856.157 1395.74 1104.87 -1423.66 
856.688 1406.05 1107.12 -1427.17 
857.219 1414.31 1108.94 -1430.66 
857.749 1420.92 1110.41 -1433.94 
858.28 1427.67 1111.92 -1437.81 
858.811 1433.86 1113.34 -1441.95 
859.342 1439.39 1114.63 -1446.21 
859.873 1444.28 1115.81 -1450.58 
860.403 1448.57 1116.89 -1455.05 
860.934 1452.36 1117.89 -1459.71 
861.465 1455.95 1118.91 -1465.15 
861.996 1458.44 1119.7 -1470 
862.527 1460.03 1120.29 -1474.08 
863.057 1461.12 1120.78 -1477.97 
863.588 1461.77 1121.2 -1481.74 
864.119 1462.01 1121.57 -1485.71 
864.65 1461.82 1121.85 -1489.29 
865.18 1461.2 1122.07 -1492.92 
865.711 1460.19 1122.23 -1496.38 
866.242 1458.65 1122.33 -1499.97 
866.773 1456.44 1122.36 -1503.72 
867.304 1454.31 1122.33 -1506.53 
867.834 1451.95 1122.26 -1509.09 
868.365 1449.26 1122.14 -1511.54 
868.896 1445.97 1121.96 -1514.02 
869.427 1442.05 1121.71 -1516.46 
869.958 1437.77 1121.42 -1518.61 
870.488 1433.05 1121.07 -1520.51 
871.019 1427.75 1120.65 -1522.14 
871.55 1421.99 1120.19 -1523.43 
872.081 1415.8 1119.68 -1524.3 
872.611 1409.11 1119.12 -1524.71 
873.142 1402.05 1118.54 -1524.59 
873.673 1395.82 1118.03 -1524.01 
874.204 1389.41 1117.53 -1522.94 
874.735 1382.51 1117.02 -1521.22 
875.265 1375.33 1116.53 -1518.71 
875.796 1368.11 1116.11 -1515.27 
876.327 1361.21 1115.83 -1510.74 
876.858 1355.13 1115.79 -1504.98 
877.389 1350.68 1116.15 -1497.84 
877.919 1349.1 1117.11 -1489.46 
878.45 1351.33 1118.66 -1481.48 
878.981 1356.59 1120.57 -1474.93 
879.512 1366.29 1123.34 -1468.65 
880.042 1379.11 1126.56 -1464.32 
880.573 1391.58 1129.49 -1462.39 
881.104 1403.38 1132.17 -1462.01 
881.635 1414.39 1134.62 -1462.7 
882.166 1427.36 1137.46 -1464.7 
882.696 1439.9 1140.2 -1467.83 
883.227 1450.21 1142.45 -1471.34 
883.758 1458.48 1144.27 -1474.82 
884.289 1465.09 1145.74 -1478.1 
884.82 1471.83 1147.25 -1481.98 
885.35 1478.03 1148.67 -1486.11 
885.881 1483.56 1149.97 -1490.38 
886.412 1488.44 1151.14 -1494.74 
886.943 1492.73 1152.22 -1499.21 
887.473 1496.52 1153.22 -1503.88 
888.004 1500.11 1154.24 -1509.32 
888.535 1502.6 1155.03 -1514.16 
889.066 1504.19 1155.62 -1518.24 
889.597 1505.28 1156.11 -1522.13 
890.127 1505.93 1156.53 -1525.91 
890.658 1506.17 1156.9 -1529.87 
891.189 1505.98 1157.18 -1533.46 
891.72 1505.37 1157.4 -1537.08 
892.251 1504.35 1157.56 -1540.54 
892.781 1502.81 1157.66 -1544.13 
893.312 1500.6 1157.7 -1547.88 
893.843 1498.48 1157.67 -1550.69 
894.374 1496.12 1157.59 -1553.26 
894.904 1493.43 1157.47 -1555.7 
895.435 1490.14 1157.29 -1558.19 
895.966 1486.21 1157.05 -1560.62 
896.497 1481.94 1156.75 -1562.78 
897.028 1477.21 1156.4 -1564.67 
897.558 1471.92 1155.98 -1566.31 
898.089 1466.16 1155.52 -1567.59 
898.62 1459.96 1155.01 -1568.47 
899.151 1453.28 1154.46 -1568.88 
899.682 1446.22 1153.87 -1568.75 
900.212 1439.98 1153.37 -1568.17 
900.743 1433.58 1152.86 -1567.11 
901.274 1426.68 1152.35 -1565.39 
901.805 1419.5 1151.86 -1562.88 
902.335 1412.28 1151.44 -1559.43 
902.866 1405.37 1151.16 -1554.91 
903.397 1399.3 1151.13 -1549.14 
903.928 1394.84 1151.48 -1542.01 
904.459 1393.26 1152.45 -1533.63 
904.989 1395.5 1153.99 -1525.65 
905.52 1400.75 1155.9 -1519.1 
906.051 1410.45 1158.67 -1512.82 
906.582 1423.27 1161.89 -1508.49 
907.113 1435.74 1164.82 -1506.56 
907.643 1447.55 1167.5 -1506.17 
908.174 1458.56 1169.95 -1506.86 
908.705 1471.53 1172.8 -1508.86 
909.236 1484.07 1175.53 -1511.99 
909.766 1494.38 1177.79 -1515.5 
910.297 1502.64 1179.6 -1518.99 
910.828 1509.25 1181.07 -1522.27 
911.359 1515.99 1182.59 -1526.14 
911.89 1522.19 1184 -1530.28 
912.42 1527.72 1185.3 -1534.54 
912.951 1532.61 1186.48 -1538.91 
913.482 1536.9 1187.55 -1543.38 
914.013 1540.69 1188.55 -1548.04 
914.544 1544.28 1189.57 -1553.48 
915.074 1546.77 1190.37 -1558.33 
915.605 1548.36 1190.95 -1562.41 
916.136 1549.45 1191.44 -1566.3 
916.667 1550.1 1191.86 -1570.07 
917.197 1550.34 1192.23 -1574.04 
917.728 1550.15 1192.51 -1577.62 
918.259 1549.53 1192.74 -1581.25 
918.79 1548.52 1192.89 -1584.71 
919.321 1546.98 1193 -1588.3 
919.851 1544.77 1193.03 -1592.05 
920.382 1542.64 1193 -1594.86 
920.913 1540.28 1192.93 -1597.43 
921.444 1537.59 1192.81 -1599.87 
921.975 1534.3 1192.63 -1602.36 
922.505 1530.38 1192.38 -1604.79 
923.036 1526.1 1192.08 -1606.94 
923.567 1521.38 1191.73 -1608.84 
924.098 1516.08 1191.32 -1610.48 
924.628 1510.33 1190.85 -1611.76 
925.159 1504.13 1190.34 -1612.63 
925.69 1497.45 1189.79 -1613.05 
926.221 1490.38 1189.21 -1612.92 
926.752 1484.15 1188.7 -1612.34 
927.282 1477.74 1188.2 -1611.27 
927.813 1470.85 1187.68 -1609.55 
928.344 1463.67 1187.19 -1607.04 
928.875 1456.45 1186.77 -1603.6 
929.406 1449.54 1186.5 -1599.07 
929.936 1443.47 1186.46 -1593.31 
930.467 1439.01 1186.82 -1586.18 
930.998 1437.43 1187.78 -1577.8 
931.529 1439.66 1189.33 -1569.82 
932.059 1444.92 1191.23 -1563.27 
932.59 1454.62 1194 -1556.98 
933.121 1467.43 1197.22 -1552.66 
933.652 1479.91 1200.16 -1550.73 
934.183 1491.71 1202.83 -1550.34 
934.713 1502.72 1205.28 -1551.03 
935.244 1515.69 1208.13 -1553.03 
935.775 1528.23 1210.87 -1556.16 
936.306 1538.54 1213.12 -1559.67 
936.837 1546.81 1214.94 -1563.15 
937.367 1553.42 1216.4 -1566.44 
937.898 1560.16 1217.92 -1570.31 
938.429 1566.36 1219.34 -1574.44 
938.96 1571.89 1220.63 -1578.71 
939.49 1576.77 1221.81 -1583.07 
940.021 1581.07 1222.89 -1587.54 
940.552 1584.85 1223.89 -1592.21 
941.083 1588.44 1224.91 -1597.65 
941.614 1590.93 1225.7 -1602.5 
942.144 1592.53 1226.29 -1606.58 
942.675 1593.61 1226.78 -1610.46 
943.206 1594.26 1227.19 -1614.24 
943.737 1594.51 1227.57 -1618.2 
944.268 1594.31 1227.85 -1621.79 
944.798 1593.7 1228.07 -1625.41 
945.329 1592.69 1228.23 -1628.88 
945.86 1591.15 1228.33 -1632.47 
946.391 1588.94 1228.36 -1636.22 
946.921 1586.81 1228.33 -1639.03 
947.452 1584.45 1228.26 -1641.59 
947.983 1581.76 1228.14 -1644.03 
948.514 1578.47 1227.96 -1646.52 
949.045 1574.55 1227.71 -1648.96 
949.575 1570.27 1227.42 -1651.11 
950.106 1565.55 1227.06 -1653.01 
950.637 1560.25 1226.65 -1654.64 
951.168 1554.49 1226.19 -1655.92 
951.699 1548.3 1225.68 -1656.8 
952.229 1541.61 1225.12 -1657.21 
952.76 1534.55 1224.54 -1657.09 
953.291 1528.32 1224.03 -1656.51 
953.822 1521.91 1223.53 -1655.44 
954.352 1515.01 1223.02 -1653.72 
954.883 1507.83 1222.53 -1651.21 
955.414 1500.61 1222.11 -1647.77 
955.945 1493.71 1221.83 -1643.24 
956.476 1487.63 1221.79 -1637.48 
957.006 1483.18 1222.15 -1630.35 
957.537 1481.59 1223.11 -1621.97 
958.068 1483.83 1224.66 -1613.98 
958.599 1489.08 1226.57 -1607.43 
959.13 1498.78 1229.34 -1601.15 
959.66 1511.6 1232.56 -1596.82 
960.191 1524.07 1235.49 -1594.89 
960.722 1535.88 1238.17 -1594.51 
961.253 1546.88 1240.61 -1595.2 
961.783 1559.86 1243.46 -1597.2 
962.314 1572.39 1246.2 -1600.33 
962.845 1582.71 1248.45 -1603.83 
963.376 1590.97 1250.27 -1607.32 
963.907 1597.58 1251.74 -1610.6 
964.437 1604.32 1253.25 -1614.48 
964.968 1610.52 1254.67 -1618.61 
965.499 1616.05 1255.96 -1622.87 
966.03 1620.94 1257.14 -1627.24 
966.561 1625.23 1258.22 -1631.71 
967.091 1629.02 1259.22 -1636.37 
967.622 1632.61 1260.24 -1641.81 
968.153 1635.1 1261.03 -1646.66 
968.684 1636.69 1261.62 -1650.74 
969.214 1637.78 1262.11 -1654.63 
969.745 1638.43 1262.53 -1658.41 
970.276 1638.67 1262.9 -1662.37 
970.807 1638.48 1263.18 -1665.95 
971.338 1637.87 1263.4 -1669.58 
971.868 1636.85 1263.56 -1673.04 
972.399 1635.31 1263.66 -1676.63 
972.93 1633.1 1263.7 -1680.38 
973.461 1630.98 1263.67 -1683.19 
973.992 1628.62 1263.59 -1685.76 
974.522 1625.93 1263.47 -1688.2 
975.053 1622.64 1263.29 -1690.69 
975.584 1618.71 1263.05 -1693.12 
976.115 1614.44 1262.75 -1695.28 
976.645 1609.72 1262.4 -1697.17 
977.176 1604.42 1261.99 -1698.81 
977.707 1598.66 1261.52 -1700.09 
978.238 1592.47 1261.01 -1700.97 
978.769 1585.78 1260.46 -1701.38 
979.299 1578.72 1259.87 -1701.25 
979.83 1572.49 1259.37 -1700.67 
980.361 1566.08 1258.86 -1699.61 
980.892 1559.18 1258.35 -1697.89 
981.423 1552 1257.86 -1695.38 
981.953 1544.78 1257.44 -1691.94 
982.484 1537.87 1257.16 -1687.41 
983.015 1531.8 1257.13 -1681.65 
983.546 1527.34 1257.48 -1674.51 
984.076 1525.76 1258.45 -1666.13 
984.607 1528 1259.99 -1658.15 
985.138 1533.25 1261.9 -1651.6 
985.669 1542.94 1264.67 -1645.32 
986.2 1555.76 1267.89 -1640.99 
986.73 1568.24 1270.82 -1639.06 
987.261 1580.04 1273.5 -1638.67 
987.792 1591.05 1275.95 -1639.36 
988.323 1604.02 1278.8 -1641.36 
988.854 1616.56 1281.53 -1644.49 
989.384 1626.87 1283.79 -1648 
989.915 1635.14 1285.6 -1651.49 
990.446 1641.75 1287.07 -1654.77 
990.977 1648.49 1288.59 -1658.64 
991.507 1654.69 1290 -1662.77 
992.038 1660.22 1291.3 -1667.04 
992.569 1665.1 1292.48 -1671.4 
993.1 1669.4 1293.55 -1675.88 
993.631 1673.19 1294.55 -1680.54 
994.161 1676.78 1295.57 -1685.98 
994.692 1679.27 1296.37 -1690.83 
995.223 1680.86 1296.95 -1694.91 
995.754 1681.95 1297.45 -1698.8 
996.285 1682.6 1297.86 -1702.57 
996.815 1682.84 1298.23 -1706.54 
997.346 1682.65 1298.51 -1710.12 
997.877 1682.04 1298.74 -1713.75 
998.408 1681.02 1298.9 -1717.21 
998.938 1679.48 1299 -1720.8 
999.469 1677.27 1299.03 -1724.55 
1000 1677.2 1299.03 -1724.65 
