PARAMETRIC_CURVE_CARTESIAN_3D
gravity_example_body2
t1: 0
t2: 1000
NumPoints: 1885
0 50 -30 -40 
0.530786 50.2985 -29.8802 -40.3001 
1.06157 51.5092 -29.3855 -41.5524 
1.59236 56.8116 -27.0139 -47.8319 
2.12314 62.0974 -24.1089 -56.1053 
2.65393 65.7211 -21.3238 -64.5957 
3.18471 67.3871 -19.0379 -71.9544 
3.7155 67.4721 -16.7574 -79.6331 
4.24628 65.7127 -14.8175 -86.4086 
4.77707 63.3333 -13.6452 -90.5817 
5.30786 60.6257 -12.8136 -93.5391 
5.83864 57.789 -12.2175 -95.6124 
6.36943 54.6559 -11.7571 -97.1222 
6.90021 50.9699 -11.3966 -98.1328 
7.431 47.0359 -11.1702 -98.4775 
7.96178 43.4249 -11.0752 -98.2046 
8.49257 40.5176 -11.0653 -97.5879 
9.02335 38.0712 -11.0985 -96.7845 
9.55414 35.5832 -11.1689 -95.6766 
10.0849 33.2848 -11.2659 -94.354 
10.6157 31.2231 -11.3793 -92.871 
11.1465 29.3984 -11.5014 -91.2568 
11.6773 27.7983 -11.6266 -89.5198 
12.2081 26.3976 -11.7523 -87.6282 
12.7389 25.1129 -11.8845 -85.3588 
13.2696 24.3002 -11.9804 -83.3636 
13.8004 23.8147 -12.0465 -81.608 
14.3312 23.5462 -12.0914 -79.9207 
14.862 23.4733 -12.1153 -78.2556 
15.3928 23.6093 -12.1151 -76.5124 
15.9236 23.9287 -12.0892 -74.9469 
16.4544 24.4627 -12.0334 -73.3561 
16.9851 25.201 -11.9457 -71.8261 
17.5159 26.2319 -11.8119 -70.2487 
18.0467 27.6606 -11.612 -68.6097 
18.5775 28.9854 -11.4155 -67.4243 
19.1083 30.4079 -11.1947 -66.3894 
19.6391 32.0514 -10.9288 -65.4175 
20.1699 34.0708 -10.588 -64.4719 
20.7006 36.4187 -10.1743 -63.639 
21.2314 38.9935 -9.70076 -62.9872 
21.7622 41.8628 -9.15033 -62.5241 
22.293 45.1239 -8.49708 -62.2806 
22.8238 48.6715 -7.7541 -62.3098 
23.3546 52.5527 -6.90328 -62.6518 
23.8854 56.8147 -5.92311 -63.3657 
24.4161 61.1697 -4.87071 -64.4366 
24.9469 65.117 -3.87044 -65.694 
25.4777 69.499 -2.70507 -67.4054 
26.0085 74.3574 -1.33929 -69.6979 
26.5393 79.6333 0.242827 -72.6829 
27.0701 85.2572 2.06355 -76.4926 
27.6008 91.1197 4.14737 -81.2779 
28.1316 97.0458 6.5201 -87.21 
28.6624 102.762 9.21356 -94.4988 
29.1932 107.6 12.1206 -102.968 
29.724 110.581 14.7668 -111.186 
30.2548 111.764 17.018 -118.544 
30.7856 111.227 19.2652 -126.211 
31.3163 108.932 21.0427 -132.475 
31.8471 105.958 22.1859 -136.551 
32.3779 102.75 22.954 -139.252 
32.9087 99.333 23.498 -141.067 
33.4395 95.0845 23.9271 -142.291 
33.9703 90.9662 24.1595 -142.628 
34.5011 87.3562 24.2485 -142.322 
35.0318 84.5449 24.2549 -141.705 
35.5626 82.0923 24.2197 -140.885 
36.0934 79.6119 24.1477 -139.765 
36.6242 77.3252 24.0496 -138.433 
37.155 75.2757 23.9356 -136.943 
37.6858 73.4629 23.8133 -135.323 
38.2166 71.8736 23.688 -133.579 
38.7473 70.4821 23.5622 -131.677 
39.2781 69.2113 23.4306 -129.399 
39.8089 68.4213 23.3367 -127.424 
40.3397 67.947 23.2716 -125.671 
40.8705 67.689 23.2278 -123.987 
41.4013 67.6261 23.205 -122.32 
41.9321 67.7728 23.2066 -120.58 
42.4628 68.1015 23.2338 -119.018 
42.9936 68.6459 23.2912 -117.43 
43.5244 69.3968 23.3808 -115.898 
44.0552 70.4452 23.5175 -114.318 
44.586 71.9074 23.7228 -112.667 
45.1168 73.255 23.9235 -111.481 
45.6476 74.6899 24.147 -110.455 
46.1783 76.3605 24.4183 -109.486 
46.7091 78.4211 24.7674 -108.542 
47.2399 80.7867 25.1858 -107.726 
47.7707 83.3843 25.6653 -107.09 
48.3015 86.2836 26.2235 -106.644 
48.8323 89.5861 26.8877 -106.423 
49.3631 93.1605 27.6393 -106.478 
49.8938 97.0746 28.501 -106.851 
50.4246 101.373 29.494 -107.603 
50.9554 105.783 30.5649 -108.721 
51.4862 109.674 31.556 -109.99 
52.017 114.108 32.7413 -111.755 
52.5478 119.01 34.1275 -114.11 
53.0786 124.324 35.732 -117.17 
53.6093 129.977 37.5775 -121.069 
54.1401 135.855 39.6886 -125.959 
54.6709 141.775 42.0913 -132.014 
55.2017 147.451 44.8189 -139.451 
55.7325 152.127 47.715 -147.946 
56.2633 154.915 50.3153 -156.066 
56.7941 155.952 52.577 -163.492 
57.3248 155.226 54.7803 -171.039 
57.8556 152.801 56.5032 -177.123 
58.3864 149.779 57.6027 -181.042 
58.9172 146.576 58.3373 -183.616 
59.448 143.067 58.872 -185.384 
59.9788 138.75 59.2842 -186.523 
60.5096 134.704 59.496 -186.772 
61.0403 131.14 59.5736 -186.412 
61.5711 128.44 59.5743 -185.783 
62.1019 125.973 59.5349 -184.93 
62.6327 123.509 59.4596 -183.783 
63.1635 121.247 59.3594 -182.433 
63.6943 119.223 59.2441 -180.928 
64.2251 117.435 59.1213 -179.294 
64.7558 115.868 58.9959 -177.537 
65.2866 114.495 58.87 -175.612 
65.8174 113.253 58.7396 -173.314 
66.3482 112.51 58.6499 -171.381 
66.879 112.06 58.587 -169.631 
67.4098 111.824 58.5456 -167.954 
67.9406 111.79 58.5245 -166.115 
68.4713 111.982 58.5318 -164.376 
69.0021 112.35 58.5646 -162.834 
69.5329 112.942 58.6291 -161.245 
70.0637 113.751 58.7277 -159.706 
70.5945 114.882 58.8776 -158.108 
71.1253 116.273 59.0753 -156.612 
71.6561 117.831 59.31 -155.307 
72.1868 119.307 59.5429 -154.315 
72.7176 121.078 59.834 -153.353 
73.2484 123.298 60.215 -152.416 
73.7792 125.731 60.6513 -151.657 
74.31 128.415 61.1534 -151.079 
74.8408 131.428 61.7415 -150.7 
75.3715 134.826 62.4342 -150.561 
75.9023 138.5 63.2179 -150.71 
76.4331 142.53 64.1183 -151.194 
76.9639 146.957 65.1572 -152.08 
77.4947 151.239 66.2137 -153.269 
78.0255 155.322 67.2703 -154.699 
78.5563 159.927 68.5245 -156.659 
79.087 164.979 69.9848 -159.247 
79.6178 170.422 71.6711 -162.584 
80.1486 176.17 73.6067 -166.812 
80.6794 182.087 75.8169 -172.089 
81.2102 187.961 78.3287 -178.599 
81.741 193.459 81.1839 -186.595 
82.2718 197.543 84.0505 -195.21 
82.8025 199.621 86.4697 -202.913 
83.3333 200.066 88.7508 -210.528 
83.8641 198.665 90.787 -217.594 
84.3949 196.064 92.2122 -222.657 
84.9257 192.929 93.188 -226.127 
85.4565 189.774 93.8269 -228.34 
85.9873 185.665 94.3683 -230.062 
86.518 181.15 94.7156 -230.872 
87.0488 177.365 94.8615 -230.838 
87.5796 174.143 94.9014 -230.334 
88.1104 171.707 94.8861 -229.661 
88.6412 169.186 94.8321 -228.681 
89.172 166.785 94.746 -227.45 
89.7028 164.612 94.6392 -226.037 
90.2335 162.677 94.5204 -224.481 
90.7643 160.974 94.3961 -222.802 
91.2951 159.485 94.2705 -220.992 
91.8259 158.071 94.1336 -218.789 
92.3567 157.066 94.0218 -216.666 
92.8875 156.46 93.9447 -214.847 
93.4183 156.096 93.8901 -213.122 
93.949 155.937 93.8568 -211.459 
94.4798 155.982 93.8455 -209.675 
95.0106 156.253 93.863 -207.935 
95.5414 156.708 93.9076 -206.362 
96.0722 157.375 93.9839 -204.808 
96.603 158.3 94.1007 -203.244 
97.1338 159.564 94.2731 -201.644 
97.6645 160.847 94.4593 -200.38 
98.1953 162.286 94.6787 -199.239 
98.7261 163.815 94.9221 -198.256 
99.2569 165.667 95.2293 -197.3 
99.7877 167.944 95.6238 -196.394 
100.318 170.425 96.0727 -195.672 
100.849 173.172 96.591 -195.134 
101.38 176.267 97.2006 -194.8 
101.911 179.708 97.9088 -194.719 
102.442 183.452 98.715 -194.933 
102.972 187.561 99.6421 -195.494 
103.503 192.074 100.712 -196.472 
104.034 196.268 101.758 -197.704 
104.565 200.473 102.858 -199.245 
105.096 205.185 104.158 -201.337 
105.626 210.331 105.667 -204.084 
106.157 215.851 107.408 -207.609 
106.688 221.652 109.403 -212.06 
107.219 227.582 111.679 -217.598 
107.749 233.404 114.264 -224.418 
108.28 238.756 117.209 -232.808 
108.811 242.363 119.995 -241.308 
109.342 244.007 122.275 -248.651 
109.873 244.07 124.555 -256.333 
110.403 242.29 126.489 -263.09 
110.934 239.529 127.792 -267.728 
111.465 236.346 128.682 -270.886 
111.996 233.26 129.256 -272.849 
112.527 229.286 129.743 -274.363 
113.057 224.693 130.069 -275.061 
113.588 220.997 130.195 -274.939 
114.119 217.895 130.224 -274.394 
114.65 215.503 130.203 -273.693 
115.18 212.977 130.143 -272.668 
115.711 210.606 130.054 -271.406 
116.242 208.467 129.945 -269.971 
116.773 206.567 129.825 -268.397 
117.304 204.897 129.7 -266.7 
117.834 203.436 129.574 -264.866 
118.365 202.063 129.439 -262.645 
118.896 201.1 129.33 -260.511 
119.427 200.542 129.257 -258.728 
119.958 200.212 129.206 -257.018 
120.488 200.082 129.176 -255.358 
121.019 200.158 129.168 -253.59 
121.55 200.464 129.19 -251.838 
122.081 200.997 129.245 -250.149 
122.611 201.706 129.328 -248.619 
123.142 202.698 129.455 -247.047 
123.673 204.059 129.644 -245.43 
124.204 205.338 129.832 -244.242 
124.735 206.741 130.048 -243.181 
125.265 208.329 130.303 -242.204 
125.796 210.266 130.627 -241.254 
126.327 212.579 131.032 -240.386 
126.858 215.108 131.493 -239.701 
127.389 217.917 132.028 -239.202 
127.919 221.096 132.659 -238.914 
128.45 224.59 133.385 -238.89 
128.981 228.404 134.214 -239.169 
129.512 232.591 135.168 -239.808 
130.042 237.115 136.252 -240.86 
130.573 241.203 137.281 -242.12 
131.104 245.514 138.42 -243.762 
131.635 250.315 139.759 -245.974 
132.166 255.541 141.312 -248.863 
132.696 261.125 143.101 -252.558 
133.227 266.965 145.15 -257.208 
133.758 272.896 147.484 -262.982 
134.289 278.659 150.133 -270.081 
134.82 283.709 153.059 -278.528 
135.35 286.94 155.762 -286.867 
135.881 288.301 157.997 -294.126 
136.412 288.026 160.27 -301.839 
136.943 285.941 162.116 -308.325 
137.473 283.049 163.326 -312.637 
138.004 279.844 164.145 -315.528 
138.535 276.567 164.702 -317.408 
139.066 272.43 165.156 -318.757 
139.597 268.203 165.421 -319.235 
140.127 264.587 165.528 -319.023 
140.658 261.612 165.545 -318.438 
141.189 259.189 165.517 -317.68 
141.72 256.683 165.451 -316.607 
142.251 254.353 165.357 -315.31 
142.781 252.257 165.246 -313.847 
143.312 250.4 165.125 -312.25 
143.843 248.77 165 -310.531 
144.374 247.344 164.874 -308.666 
144.904 246.02 164.74 -306.419 
145.435 245.143 164.639 -304.363 
145.966 244.628 164.57 -302.603 
146.497 244.331 164.522 -300.906 
147.028 244.233 164.495 -299.244 
147.558 244.341 164.492 -297.491 
148.089 244.639 164.515 -295.903 
148.62 245.152 164.567 -294.296 
149.151 245.862 164.651 -292.767 
149.682 246.855 164.778 -291.195 
150.212 248.218 164.967 -289.577 
150.743 249.497 165.155 -288.389 
151.274 250.901 165.372 -287.329 
151.805 252.491 165.627 -286.352 
152.335 254.43 165.952 -285.402 
152.866 256.743 166.356 -284.536 
153.397 259.273 166.818 -283.851 
153.928 262.084 167.353 -283.353 
154.459 265.265 167.985 -283.067 
154.989 268.76 168.711 -283.043 
155.52 272.576 169.541 -283.324 
156.051 276.765 170.495 -283.965 
156.582 281.286 171.579 -285.018 
157.113 285.372 172.607 -286.278 
157.643 289.685 173.747 -287.923 
158.174 294.488 175.087 -290.137 
158.705 299.715 176.641 -293.028 
159.236 305.301 178.431 -296.727 
159.766 311.141 180.481 -301.382 
160.297 317.072 182.816 -307.16 
160.828 322.834 185.467 -314.265 
161.359 327.878 188.391 -322.713 
161.89 331.101 191.094 -331.048 
162.42 332.457 193.329 -338.31 
162.951 332.175 195.601 -346.023 
163.482 330.082 197.446 -352.503 
164.013 327.188 198.654 -356.807 
164.544 323.983 199.471 -359.692 
165.074 320.701 200.027 -361.571 
165.605 316.561 200.481 -362.916 
166.136 312.336 200.745 -363.389 
166.667 308.723 200.851 -363.174 
167.197 305.753 200.868 -362.588 
167.728 303.328 200.84 -361.828 
168.259 300.823 200.774 -360.754 
168.79 298.494 200.68 -359.456 
169.321 296.4 200.568 -357.992 
169.851 294.544 200.447 -356.395 
170.382 292.915 200.322 -354.675 
170.913 291.49 200.196 -352.809 
171.444 290.168 200.062 -350.561 
171.975 289.294 199.961 -348.507 
172.505 288.78 199.892 -346.747 
173.036 288.484 199.845 -345.051 
173.567 288.386 199.818 -343.389 
174.098 288.495 199.815 -341.637 
174.628 288.794 199.838 -340.052 
175.159 289.306 199.89 -338.448 
175.69 290.016 199.974 -336.919 
176.221 291.01 200.101 -335.347 
176.752 292.373 200.29 -333.729 
177.282 293.653 200.479 -332.541 
177.813 295.057 200.695 -331.482 
178.344 296.646 200.95 -330.505 
178.875 298.586 201.275 -329.555 
179.406 300.9 201.679 -328.688 
179.936 303.43 202.141 -328.004 
180.467 306.241 202.676 -327.506 
180.998 309.422 203.309 -327.22 
181.529 312.918 204.035 -327.197 
182.059 316.734 204.864 -327.478 
182.59 320.924 205.819 -328.119 
183.121 325.445 206.903 -329.173 
183.652 329.529 207.931 -330.433 
184.183 333.843 209.071 -332.078 
184.713 338.646 210.412 -334.293 
185.244 343.874 211.966 -337.185 
185.775 349.46 213.756 -340.885 
186.306 355.301 215.805 -345.54 
186.837 361.232 218.141 -351.32 
187.367 366.994 220.792 -358.426 
187.898 372.036 223.717 -366.873 
188.429 375.257 226.419 -375.208 
188.96 376.612 228.654 -382.471 
189.49 376.328 230.926 -390.185 
190.021 374.234 232.771 -396.663 
190.552 371.339 233.978 -400.965 
191.083 368.133 234.795 -403.849 
191.614 364.851 235.351 -405.727 
192.144 360.71 235.804 -407.071 
192.675 356.486 236.069 -407.543 
193.206 352.874 236.174 -407.328 
193.737 349.904 236.191 -406.741 
194.268 347.479 236.163 -405.981 
194.798 344.974 236.097 -404.906 
195.329 342.645 236.003 -403.608 
195.86 340.552 235.891 -402.145 
196.391 338.696 235.77 -400.547 
196.921 337.067 235.645 -398.827 
197.452 335.642 235.519 -396.96 
197.983 334.321 235.385 -394.712 
198.514 333.447 235.284 -392.659 
199.045 332.933 235.215 -390.899 
199.575 332.638 235.168 -389.203 
200.106 332.54 235.141 -387.541 
200.637 332.65 235.138 -385.789 
201.168 332.948 235.161 -384.205 
201.699 333.46 235.213 -382.602 
202.229 334.171 235.297 -381.073 
202.76 335.164 235.424 -379.501 
203.291 336.527 235.614 -377.883 
203.822 337.807 235.802 -376.695 
204.352 339.211 236.018 -375.635 
204.883 340.801 236.273 -374.659 
205.414 342.74 236.598 -373.708 
205.945 345.054 237.003 -372.842 
206.476 347.584 237.465 -372.158 
207.006 350.396 238 -371.66 
207.537 353.577 238.632 -371.374 
208.068 357.073 239.358 -371.351 
208.599 360.889 240.188 -371.632 
209.13 365.079 241.143 -372.273 
209.66 369.6 242.226 -373.327 
210.191 373.684 243.255 -374.587 
210.722 377.998 244.395 -376.232 
211.253 382.801 245.735 -378.447 
211.783 388.029 247.289 -381.34 
212.314 393.615 249.079 -385.039 
212.845 399.456 251.129 -389.695 
213.376 405.387 253.465 -395.475 
213.907 411.149 256.116 -402.581 
214.437 416.191 259.041 -411.029 
214.968 419.412 261.743 -419.363 
215.499 420.767 263.978 -426.626 
216.03 420.482 266.25 -434.34 
216.561 418.388 268.095 -440.818 
217.091 415.493 269.301 -445.12 
217.622 412.288 270.119 -448.004 
218.153 409.005 270.675 -449.882 
218.684 404.863 271.128 -451.226 
219.214 400.64 271.392 -451.698 
219.745 397.028 271.497 -451.482 
220.276 394.058 271.514 -450.896 
220.807 391.633 271.486 -450.135 
221.338 389.128 271.42 -449.061 
221.868 386.799 271.326 -447.763 
222.399 384.706 271.215 -446.299 
222.93 382.85 271.093 -444.701 
223.461 381.221 270.968 -442.981 
223.992 379.797 270.843 -441.114 
224.522 378.475 270.709 -438.866 
225.053 377.601 270.608 -436.813 
225.584 377.087 270.539 -435.054 
226.115 376.792 270.491 -433.357 
226.645 376.695 270.465 -431.696 
227.176 376.804 270.462 -429.943 
227.707 377.102 270.484 -428.359 
228.238 377.615 270.537 -426.756 
228.769 378.325 270.62 -425.228 
229.299 379.318 270.748 -423.656 
229.83 380.682 270.937 -422.037 
230.361 381.961 271.125 -420.849 
230.892 383.366 271.342 -419.79 
231.423 384.955 271.597 -418.813 
231.953 386.895 271.922 -417.863 
232.484 389.209 272.326 -416.997 
233.015 391.739 272.788 -416.313 
233.546 394.55 273.323 -415.814 
234.076 397.732 273.956 -415.528 
234.607 401.227 274.682 -415.505 
235.138 405.044 275.511 -415.787 
235.669 409.234 276.466 -416.428 
236.2 413.754 277.55 -417.481 
236.73 417.839 278.578 -418.742 
237.261 422.153 279.718 -420.387 
237.792 426.956 281.059 -422.602 
238.323 432.183 282.613 -425.494 
238.854 437.769 284.403 -429.194 
239.384 443.61 286.453 -433.849 
239.915 449.541 288.788 -439.629 
240.446 455.303 291.44 -446.735 
240.977 460.346 294.364 -455.183 
241.507 463.567 297.066 -463.518 
242.038 464.922 299.301 -470.78 
242.569 464.637 301.574 -478.494 
243.1 462.543 303.418 -484.972 
243.631 459.648 304.625 -489.275 
244.161 456.443 305.442 -492.158 
244.692 453.16 305.999 -494.037 
245.223 449.019 306.452 -495.381 
245.754 444.795 306.716 -495.853 
246.285 441.183 306.821 -495.637 
246.815 438.213 306.838 -495.051 
247.346 435.789 306.81 -494.29 
247.877 433.284 306.744 -493.216 
248.408 430.955 306.65 -491.918 
248.938 428.861 306.538 -490.454 
249.469 427.005 306.417 -488.856 
250 425.377 306.292 -487.136 
250.531 423.952 306.167 -485.27 
251.062 422.63 306.033 -483.022 
251.592 421.756 305.932 -480.969 
252.123 421.242 305.863 -479.209 
252.654 420.947 305.815 -477.512 
253.185 420.85 305.789 -475.851 
253.715 420.959 305.785 -474.098 
254.246 421.257 305.808 -472.515 
254.777 421.77 305.861 -470.911 
255.308 422.48 305.944 -469.382 
255.839 423.473 306.072 -467.811 
256.369 424.837 306.261 -466.192 
256.9 426.116 306.449 -465.004 
257.431 427.52 306.666 -463.945 
257.962 429.11 306.921 -462.968 
258.493 431.05 307.246 -462.018 
259.023 433.364 307.65 -461.152 
259.554 435.894 308.112 -460.468 
260.085 438.705 308.647 -459.969 
260.616 441.886 309.28 -459.683 
261.146 445.382 310.006 -459.66 
261.677 449.198 310.835 -459.941 
262.208 453.388 311.79 -460.583 
262.739 457.909 312.874 -461.636 
263.27 461.993 313.902 -462.897 
263.8 466.307 315.042 -464.541 
264.331 471.111 316.382 -466.756 
264.862 476.338 317.937 -469.648 
265.393 481.924 319.727 -473.348 
265.924 487.765 321.776 -478.004 
266.454 493.696 324.112 -483.783 
266.985 499.458 326.763 -490.889 
267.516 504.501 329.688 -499.337 
268.047 507.723 332.39 -507.672 
268.577 509.077 334.625 -514.935 
269.108 508.793 336.898 -522.649 
269.639 506.699 338.742 -529.127 
270.17 503.804 339.949 -533.43 
270.701 500.599 340.767 -536.313 
271.231 497.316 341.323 -538.192 
271.762 493.175 341.776 -539.536 
272.293 488.952 342.04 -540.008 
272.824 485.339 342.146 -539.793 
273.355 482.369 342.163 -539.206 
273.885 479.945 342.135 -538.446 
274.416 477.439 342.069 -537.372 
274.947 475.111 341.974 -536.074 
275.478 473.017 341.863 -534.61 
276.008 471.161 341.742 -533.012 
276.539 469.532 341.617 -531.292 
277.07 468.107 341.491 -529.426 
277.601 466.786 341.357 -527.178 
278.132 465.912 341.256 -525.124 
278.662 465.398 341.187 -523.365 
279.193 465.103 341.14 -521.668 
279.724 465.005 341.113 -520.007 
280.255 465.114 341.11 -518.254 
280.786 465.412 341.133 -516.67 
281.316 465.925 341.185 -515.066 
281.847 466.635 341.268 -513.538 
282.378 467.629 341.396 -511.966 
282.909 468.992 341.585 -510.348 
283.439 470.272 341.774 -509.16 
283.97 471.676 341.99 -508.1 
284.501 473.265 342.245 -507.123 
285.032 475.205 342.57 -506.173 
285.563 477.519 342.974 -505.307 
286.093 480.049 343.436 -504.623 
286.624 482.86 343.971 -504.125 
287.155 486.041 344.604 -503.839 
287.686 489.537 345.33 -503.816 
288.217 493.353 346.159 -504.097 
288.747 497.543 347.114 -504.738 
289.278 502.064 348.198 -505.791 
289.809 506.148 349.226 -507.052 
290.34 510.463 350.366 -508.697 
290.87 515.266 351.707 -510.911 
291.401 520.493 353.261 -513.804 
291.932 526.079 355.051 -517.503 
292.463 531.92 357.101 -522.158 
292.994 537.851 359.436 -527.938 
293.524 543.613 362.087 -535.044 
294.055 548.656 365.012 -543.492 
294.586 551.878 367.714 -551.827 
295.117 553.233 369.949 -559.089 
295.648 552.95 372.222 -566.803 
296.178 550.856 374.067 -573.282 
296.709 547.961 375.274 -577.585 
297.24 544.756 376.091 -580.469 
297.771 541.473 376.647 -582.347 
298.301 537.332 377.101 -583.692 
298.832 533.108 377.365 -584.164 
299.363 529.496 377.47 -583.949 
299.894 526.526 377.487 -583.363 
300.425 524.101 377.459 -582.602 
300.955 521.596 377.393 -581.528 
301.486 519.267 377.299 -580.23 
302.017 517.173 377.187 -578.766 
302.548 515.318 377.066 -577.168 
303.079 513.689 376.941 -575.448 
303.609 512.264 376.816 -573.582 
304.14 510.942 376.682 -571.334 
304.671 510.068 376.581 -569.281 
305.202 509.554 376.512 -567.521 
305.732 509.259 376.464 -565.824 
306.263 509.161 376.438 -564.163 
306.794 509.27 376.434 -562.41 
307.325 509.568 376.457 -560.826 
307.856 510.081 376.51 -559.222 
308.386 510.791 376.593 -557.694 
308.917 511.784 376.721 -556.122 
309.448 513.148 376.91 -554.503 
309.979 514.427 377.098 -553.316 
310.51 515.831 377.314 -552.256 
311.04 517.421 377.57 -551.279 
311.571 519.36 377.894 -550.329 
312.102 521.674 378.299 -549.463 
312.633 524.204 378.761 -548.779 
313.163 527.015 379.296 -548.281 
313.694 530.197 379.928 -547.994 
314.225 533.693 380.654 -547.971 
314.756 537.509 381.484 -548.253 
315.287 541.699 382.439 -548.894 
315.817 546.219 383.522 -549.947 
316.348 550.304 384.551 -551.207 
316.879 554.618 385.691 -552.852 
317.41 559.421 387.031 -555.067 
317.941 564.649 388.585 -557.959 
318.471 570.234 390.375 -561.658 
319.002 576.076 392.425 -566.314 
319.533 582.007 394.76 -572.093 
320.064 587.769 397.412 -579.199 
320.594 592.812 400.337 -587.647 
321.125 596.034 403.039 -595.982 
321.656 597.39 405.274 -603.245 
322.187 597.106 407.547 -610.958 
322.718 595.013 409.391 -617.437 
323.248 592.118 410.599 -621.741 
323.779 588.913 411.416 -624.625 
324.31 585.63 411.972 -626.503 
324.841 581.49 412.425 -627.848 
325.372 577.266 412.69 -628.32 
325.902 573.653 412.795 -628.105 
326.433 570.683 412.812 -627.519 
326.964 568.258 412.784 -626.759 
327.495 565.753 412.718 -625.684 
328.025 563.424 412.624 -624.386 
328.556 561.33 412.513 -622.923 
329.087 559.474 412.391 -621.325 
329.618 557.845 412.266 -619.605 
330.149 556.42 412.141 -617.739 
330.679 555.099 412.007 -615.491 
331.21 554.224 411.906 -613.437 
331.741 553.71 411.837 -611.678 
332.272 553.415 411.789 -609.981 
332.803 553.317 411.763 -608.319 
333.333 553.426 411.759 -606.567 
333.864 553.724 411.782 -604.983 
334.395 554.237 411.835 -603.379 
334.926 554.947 411.918 -601.85 
335.456 555.941 412.046 -600.278 
335.987 557.304 412.235 -598.66 
336.518 558.584 412.423 -597.472 
337.049 559.988 412.639 -596.412 
337.58 561.577 412.895 -595.436 
338.11 563.517 413.219 -594.485 
338.641 565.831 413.624 -593.619 
339.172 568.361 414.086 -592.935 
339.703 571.172 414.621 -592.437 
340.234 574.353 415.253 -592.151 
340.764 577.848 415.979 -592.128 
341.295 581.665 416.809 -592.409 
341.826 585.855 417.764 -593.05 
342.357 590.375 418.847 -594.103 
342.887 594.46 419.876 -595.364 
343.418 598.774 421.016 -597.008 
343.949 603.577 422.356 -599.223 
344.48 608.804 423.91 -602.115 
345.011 614.39 425.7 -605.814 
345.541 620.231 427.75 -610.469 
346.072 626.163 430.085 -616.248 
346.603 631.925 432.737 -623.354 
347.134 636.968 435.661 -631.802 
347.665 640.191 438.364 -640.138 
348.195 641.547 440.599 -647.4 
348.726 641.263 442.872 -655.114 
349.257 639.17 444.716 -661.593 
349.788 636.276 445.924 -665.897 
350.318 633.07 446.741 -668.781 
350.849 629.788 447.298 -670.66 
351.38 625.647 447.751 -672.004 
351.911 621.423 448.015 -672.477 
352.442 617.811 448.121 -672.262 
352.972 614.84 448.138 -671.676 
353.503 612.416 448.11 -670.916 
354.034 609.91 448.044 -669.841 
354.565 607.581 447.95 -668.544 
355.096 605.487 447.838 -667.08 
355.626 603.631 447.717 -665.482 
356.157 602.002 447.592 -663.762 
356.688 600.577 447.466 -661.896 
357.219 599.256 447.332 -659.648 
357.749 598.381 447.231 -657.595 
358.28 597.867 447.162 -655.835 
358.811 597.572 447.115 -654.138 
359.342 597.474 447.088 -652.477 
359.873 597.583 447.085 -650.724 
360.403 597.881 447.108 -649.14 
360.934 598.394 447.16 -647.535 
361.465 599.104 447.243 -646.007 
361.996 600.097 447.371 -644.435 
362.527 601.46 447.56 -642.817 
363.057 602.74 447.749 -641.629 
363.588 604.144 447.965 -640.569 
364.119 605.734 448.22 -639.592 
364.65 607.673 448.545 -638.642 
365.18 609.987 448.949 -637.776 
365.711 612.517 449.411 -637.092 
366.242 615.328 449.946 -636.594 
366.773 618.509 450.579 -636.307 
367.304 622.005 451.305 -636.284 
367.834 625.821 452.134 -636.565 
368.365 630.011 453.089 -637.206 
368.896 634.532 454.173 -638.26 
369.427 638.617 455.201 -639.52 
369.958 642.931 456.341 -641.165 
370.488 647.733 457.681 -643.379 
371.019 652.961 459.235 -646.271 
371.55 658.547 461.025 -649.971 
372.081 664.388 463.075 -654.625 
372.611 670.319 465.41 -660.405 
373.142 676.082 468.062 -667.51 
373.673 681.125 470.987 -675.958 
374.204 684.348 473.689 -684.294 
374.735 685.704 475.924 -691.556 
375.265 685.421 478.197 -699.27 
375.796 683.328 480.042 -705.75 
376.327 680.434 481.249 -710.053 
376.858 677.228 482.067 -712.938 
377.389 673.946 482.623 -714.817 
377.919 669.806 483.076 -716.162 
378.45 665.581 483.341 -716.634 
378.981 661.969 483.446 -716.42 
379.512 658.998 483.463 -715.833 
380.042 656.573 483.436 -715.073 
380.573 654.068 483.37 -713.999 
381.104 651.739 483.275 -712.701 
381.635 649.645 483.164 -711.237 
382.166 647.789 483.042 -709.64 
382.696 646.16 482.917 -707.92 
383.227 644.735 482.792 -706.054 
383.758 643.413 482.658 -703.806 
384.289 642.539 482.557 -701.752 
384.82 642.024 482.488 -699.992 
385.35 641.729 482.44 -698.296 
385.881 641.631 482.414 -696.634 
386.412 641.74 482.411 -694.882 
386.943 642.038 482.433 -693.297 
387.473 642.551 482.486 -691.693 
388.004 643.261 482.569 -690.164 
388.535 644.255 482.697 -688.592 
389.066 645.618 482.886 -686.974 
389.597 646.897 483.074 -685.786 
390.127 648.301 483.29 -684.726 
390.658 649.891 483.546 -683.75 
391.189 651.83 483.871 -682.799 
391.72 654.144 484.275 -681.933 
392.251 656.674 484.737 -681.249 
392.781 659.485 485.272 -680.751 
393.312 662.666 485.904 -680.465 
393.843 666.162 486.63 -680.441 
394.374 669.978 487.46 -680.723 
394.904 674.168 488.415 -681.363 
395.435 678.689 489.498 -682.417 
395.966 682.773 490.527 -683.677 
396.497 687.087 491.667 -685.322 
397.028 691.89 493.007 -687.536 
397.558 697.118 494.561 -690.428 
398.089 702.703 496.351 -694.127 
398.62 708.545 498.401 -698.782 
399.151 714.476 500.736 -704.561 
399.682 720.239 503.387 -711.666 
400.212 725.282 506.312 -720.115 
400.743 728.506 509.015 -728.45 
401.274 729.862 511.25 -735.713 
401.805 729.579 513.523 -743.427 
402.335 727.487 515.368 -749.906 
402.866 724.592 516.575 -754.21 
403.397 721.387 517.393 -757.095 
403.928 718.105 517.949 -758.974 
404.459 713.964 518.402 -760.319 
404.989 709.74 518.667 -760.792 
405.52 706.127 518.772 -760.577 
406.051 703.156 518.79 -759.991 
406.582 700.732 518.762 -759.231 
407.113 698.226 518.696 -758.157 
407.643 695.897 518.602 -756.859 
408.174 693.803 518.49 -755.395 
408.705 691.947 518.369 -753.798 
409.236 690.318 518.244 -752.078 
409.766 688.893 518.118 -750.212 
410.297 687.571 517.984 -747.964 
410.828 686.696 517.883 -745.91 
411.359 686.182 517.814 -744.151 
411.89 685.887 517.766 -742.454 
412.42 685.789 517.74 -740.792 
412.951 685.898 517.737 -739.04 
413.482 686.196 517.759 -737.455 
414.013 686.709 517.812 -735.85 
414.544 687.419 517.895 -734.322 
415.074 688.412 518.023 -732.75 
415.605 689.775 518.212 -731.132 
416.136 691.055 518.4 -729.944 
416.667 692.459 518.617 -728.884 
417.197 694.048 518.872 -727.907 
417.728 695.988 519.197 -726.957 
418.259 698.302 519.601 -726.091 
418.79 700.832 520.063 -725.407 
419.321 703.642 520.598 -724.909 
419.851 706.824 521.23 -724.622 
420.382 710.319 521.956 -724.599 
420.913 714.136 522.786 -724.88 
421.444 718.325 523.741 -725.521 
421.975 722.846 524.824 -726.574 
422.505 726.931 525.853 -727.835 
423.036 731.245 526.993 -729.479 
423.567 736.048 528.333 -731.694 
424.098 741.275 529.887 -734.585 
424.628 746.861 531.677 -738.284 
425.159 752.702 533.727 -742.939 
425.69 758.633 536.062 -748.718 
426.221 764.396 538.713 -755.823 
426.752 769.44 541.638 -764.271 
427.282 772.664 544.341 -772.607 
427.813 774.02 546.576 -779.869 
428.344 773.738 548.849 -787.584 
428.875 771.645 550.694 -794.064 
429.406 768.751 551.901 -798.368 
429.936 765.546 552.719 -801.253 
430.467 762.264 553.276 -803.132 
430.998 758.124 553.729 -804.477 
431.529 753.899 553.993 -804.95 
432.059 750.286 554.099 -804.736 
432.59 747.315 554.116 -804.15 
433.121 744.891 554.088 -803.389 
433.652 742.385 554.022 -802.315 
434.183 740.056 553.928 -801.018 
434.713 737.962 553.816 -799.554 
435.244 736.106 553.695 -797.956 
435.775 734.477 553.57 -796.236 
436.306 733.051 553.444 -794.37 
436.837 731.73 553.311 -792.123 
437.367 730.855 553.209 -790.069 
437.898 730.34 553.141 -788.309 
438.429 730.045 553.093 -786.612 
438.96 729.947 553.066 -784.951 
439.49 730.056 553.063 -783.198 
440.021 730.354 553.086 -781.613 
440.552 730.867 553.138 -780.009 
441.083 731.577 553.222 -778.48 
441.614 732.57 553.35 -776.908 
442.144 733.933 553.539 -775.29 
442.675 735.213 553.727 -774.102 
443.206 736.617 553.943 -773.042 
443.737 738.206 554.198 -772.066 
444.268 740.146 554.523 -771.115 
444.798 742.459 554.928 -770.249 
445.329 744.989 555.389 -769.565 
445.86 747.8 555.924 -769.067 
446.391 750.982 556.557 -768.78 
446.921 754.477 557.283 -768.757 
447.452 758.293 558.112 -769.038 
447.983 762.483 559.067 -769.679 
448.514 767.004 560.151 -770.732 
449.045 771.089 561.179 -771.993 
449.575 775.403 562.319 -773.637 
450.106 780.205 563.659 -775.852 
450.637 785.433 565.213 -778.743 
451.168 791.018 567.003 -782.442 
451.699 796.86 569.053 -787.097 
452.229 802.791 571.388 -792.875 
452.76 808.554 574.039 -799.98 
453.291 813.598 576.965 -808.429 
453.822 816.822 579.667 -816.765 
454.352 818.179 581.902 -824.027 
454.883 817.897 584.175 -831.741 
455.414 815.805 586.02 -838.221 
455.945 812.91 587.228 -842.526 
456.476 809.705 588.046 -845.411 
457.006 806.423 588.602 -847.29 
457.537 802.283 589.056 -848.636 
458.068 798.059 589.32 -849.109 
458.599 794.446 589.426 -848.894 
459.13 791.474 589.443 -848.308 
459.66 789.05 589.415 -847.548 
460.191 786.544 589.349 -846.474 
460.722 784.215 589.255 -845.177 
461.253 782.121 589.143 -843.713 
461.783 780.265 589.022 -842.115 
462.314 778.636 588.897 -840.395 
462.845 777.21 588.771 -838.53 
463.376 775.888 588.638 -836.282 
463.907 775.013 588.536 -834.228 
464.437 774.499 588.468 -832.468 
464.968 774.203 588.42 -830.771 
465.499 774.105 588.393 -829.11 
466.03 774.214 588.39 -827.357 
466.561 774.512 588.413 -825.772 
467.091 775.025 588.465 -824.167 
467.622 775.735 588.549 -822.639 
468.153 776.729 588.676 -821.067 
468.684 778.092 588.865 -819.448 
469.214 779.371 589.054 -818.261 
469.745 780.775 589.27 -817.201 
470.276 782.365 589.525 -816.224 
470.807 784.304 589.85 -815.274 
471.338 786.618 590.254 -814.408 
471.868 789.148 590.716 -813.724 
472.399 791.959 591.251 -813.225 
472.93 795.14 591.884 -812.939 
473.461 798.635 592.61 -812.916 
473.992 802.452 593.439 -813.197 
474.522 806.641 594.394 -813.838 
475.053 811.162 595.478 -814.891 
475.584 815.247 596.506 -816.151 
476.115 819.561 597.646 -817.795 
476.645 824.364 598.986 -820.01 
477.176 829.591 600.54 -822.901 
477.707 835.177 602.33 -826.6 
478.238 841.018 604.38 -831.255 
478.769 846.949 606.715 -837.033 
479.299 852.712 609.366 -844.138 
479.83 857.757 612.291 -852.586 
480.361 860.981 614.994 -860.923 
480.892 862.338 617.229 -868.185 
481.423 862.056 619.502 -875.899 
481.953 859.964 621.347 -882.379 
482.484 857.07 622.555 -886.684 
483.015 853.865 623.373 -889.57 
483.546 850.583 623.929 -891.449 
484.076 846.443 624.383 -892.794 
484.607 842.219 624.647 -893.268 
485.138 838.605 624.753 -893.054 
485.669 835.634 624.77 -892.468 
486.2 833.21 624.742 -891.708 
486.73 830.704 624.676 -890.634 
487.261 828.375 624.582 -889.336 
487.792 826.281 624.47 -887.872 
488.323 824.424 624.349 -886.275 
488.854 822.795 624.224 -884.555 
489.384 821.37 624.099 -882.689 
489.915 820.048 623.965 -880.441 
490.446 819.173 623.863 -878.387 
490.977 818.658 623.795 -876.628 
491.507 818.362 623.747 -874.931 
492.038 818.264 623.72 -873.269 
492.569 818.373 623.717 -871.517 
493.1 818.671 623.74 -869.931 
493.631 819.184 623.792 -868.326 
494.161 819.894 623.876 -866.798 
494.692 820.888 624.004 -865.226 
495.223 822.251 624.193 -863.607 
495.754 823.53 624.381 -862.42 
496.285 824.934 624.597 -861.36 
496.815 826.524 624.852 -860.383 
497.346 828.463 625.177 -859.433 
497.877 830.777 625.582 -858.567 
498.408 833.307 626.043 -857.883 
498.938 836.117 626.578 -857.384 
499.469 839.299 627.211 -857.098 
500 842.794 627.937 -857.075 
500.531 846.61 628.766 -857.356 
501.062 850.8 629.721 -857.996 
501.592 855.321 630.805 -859.05 
502.123 859.406 631.833 -860.31 
502.654 863.72 632.973 -861.954 
503.185 868.522 634.313 -864.169 
503.715 873.75 635.867 -867.06 
504.246 879.335 637.657 -870.759 
504.777 885.177 639.707 -875.413 
505.308 891.108 642.042 -881.192 
505.839 896.871 644.693 -888.296 
506.369 901.916 647.618 -896.745 
506.9 905.141 650.321 -905.081 
507.431 906.497 652.556 -912.343 
507.962 906.216 654.829 -920.057 
508.493 904.124 656.675 -926.538 
509.023 901.23 657.882 -930.843 
509.554 898.025 658.7 -933.729 
510.085 894.744 659.257 -935.608 
510.616 890.604 659.71 -936.954 
511.146 886.379 659.975 -937.428 
511.677 882.766 660.081 -937.213 
512.208 879.794 660.098 -936.627 
512.739 877.37 660.07 -935.867 
513.27 874.864 660.004 -934.794 
513.8 872.535 659.91 -933.496 
514.331 870.441 659.798 -932.032 
514.862 868.584 659.677 -930.435 
515.393 866.955 659.552 -928.715 
515.924 865.529 659.426 -926.849 
516.454 864.207 659.293 -924.601 
516.985 863.332 659.191 -922.547 
517.516 862.818 659.122 -920.787 
518.047 862.522 659.075 -919.091 
518.577 862.424 659.048 -917.429 
519.108 862.533 659.045 -915.676 
519.639 862.831 659.067 -914.091 
520.17 863.344 659.12 -912.486 
520.701 864.054 659.203 -910.957 
521.231 865.047 659.331 -909.385 
521.762 866.41 659.52 -907.767 
522.293 867.69 659.708 -906.579 
522.824 869.094 659.925 -905.52 
523.355 870.683 660.18 -904.543 
523.885 872.622 660.505 -903.593 
524.416 874.936 660.909 -902.726 
524.947 877.466 661.371 -902.042 
525.478 880.277 661.906 -901.544 
526.008 883.458 662.538 -901.257 
526.539 886.953 663.264 -901.234 
527.07 890.769 664.094 -901.515 
527.601 894.959 665.049 -902.156 
528.132 899.48 666.132 -903.209 
528.662 903.565 667.161 -904.469 
529.193 907.879 668.3 -906.114 
529.724 912.681 669.641 -908.328 
530.255 917.909 671.195 -911.219 
530.786 923.494 672.984 -914.918 
531.316 929.336 675.034 -919.572 
531.847 935.267 677.369 -925.35 
532.378 941.03 680.02 -932.455 
532.909 946.076 682.946 -940.903 
533.439 949.3 685.649 -949.24 
533.97 950.657 687.884 -956.502 
534.501 950.376 690.157 -964.216 
535.032 948.285 692.002 -970.697 
535.563 945.391 693.21 -975.002 
536.093 942.186 694.028 -977.889 
536.624 938.905 694.585 -979.768 
537.155 934.765 695.038 -981.114 
537.686 930.54 695.303 -981.588 
538.217 926.927 695.408 -981.373 
538.747 923.954 695.426 -980.787 
539.278 921.53 695.398 -980.028 
539.809 919.025 695.332 -978.954 
540.34 916.695 695.238 -977.656 
540.87 914.601 695.126 -976.193 
541.401 912.745 695.005 -974.595 
541.932 911.115 694.88 -972.875 
542.463 909.69 694.754 -971.01 
542.994 908.368 694.62 -968.762 
543.524 907.492 694.519 -966.708 
544.055 906.978 694.45 -964.948 
544.586 906.682 694.403 -963.251 
545.117 906.584 694.376 -961.59 
545.648 906.693 694.373 -959.837 
546.178 906.991 694.395 -958.251 
546.709 907.504 694.448 -956.646 
547.24 908.214 694.531 -955.117 
547.771 909.207 694.659 -953.545 
548.301 910.57 694.848 -951.927 
548.832 911.849 695.036 -950.739 
549.363 913.253 695.252 -949.68 
549.894 914.843 695.508 -948.703 
550.425 916.782 695.832 -947.753 
550.955 919.096 696.237 -946.886 
551.486 921.626 696.699 -946.202 
552.017 924.436 697.234 -945.704 
552.548 927.618 697.866 -945.417 
553.079 931.113 698.592 -945.394 
553.609 934.929 699.422 -945.675 
554.14 939.119 700.377 -946.316 
554.671 943.639 701.46 -947.369 
555.202 947.725 702.488 -948.629 
555.732 952.038 703.628 -950.273 
556.263 956.841 704.968 -952.487 
556.794 962.068 706.522 -955.379 
557.325 967.654 708.312 -959.077 
557.856 973.495 710.362 -963.731 
558.386 979.427 712.697 -969.51 
558.917 985.19 715.348 -976.614 
559.448 990.236 718.273 -985.062 
559.979 993.461 720.976 -993.399 
560.51 994.818 723.211 -1000.66 
561.04 994.537 725.485 -1008.38 
561.571 992.446 727.33 -1014.86 
562.102 989.552 728.538 -1019.16 
562.633 986.347 729.356 -1022.05 
563.163 983.066 729.913 -1023.93 
563.694 978.926 730.366 -1025.27 
564.225 974.701 730.631 -1025.75 
564.756 971.088 730.737 -1025.53 
565.287 968.115 730.754 -1024.95 
565.817 965.691 730.726 -1024.19 
566.348 963.186 730.66 -1023.11 
566.879 960.856 730.566 -1021.82 
567.41 958.762 730.454 -1020.35 
567.941 956.906 730.333 -1018.76 
568.471 955.276 730.208 -1017.04 
569.002 953.851 730.082 -1015.17 
569.533 952.528 729.949 -1012.92 
570.064 951.653 729.847 -1010.87 
570.594 951.138 729.779 -1009.11 
571.125 950.842 729.731 -1007.41 
571.656 950.744 729.704 -1005.75 
572.187 950.853 729.701 -1004 
572.718 951.151 729.724 -1002.41 
573.248 951.664 729.776 -1000.81 
573.779 952.374 729.86 -999.278 
574.31 953.367 729.987 -997.706 
574.841 954.73 730.176 -996.087 
575.372 956.01 730.365 -994.9 
575.902 957.414 730.581 -993.84 
576.433 959.003 730.836 -992.863 
576.964 960.942 731.161 -991.913 
577.495 963.256 731.565 -991.047 
578.025 965.786 732.027 -990.363 
578.556 968.596 732.562 -989.864 
579.087 971.778 733.194 -989.578 
579.618 975.273 733.92 -989.554 
580.149 979.089 734.75 -989.835 
580.679 983.279 735.705 -990.476 
581.21 987.8 736.788 -991.529 
581.741 991.885 737.817 -992.789 
582.272 996.198 738.957 -994.434 
582.803 1001 740.297 -996.648 
583.333 1006.23 741.851 -999.539 
583.864 1011.81 743.64 -1003.24 
584.395 1017.66 745.69 -1007.89 
584.926 1023.59 748.025 -1013.67 
585.456 1029.35 750.676 -1020.77 
585.987 1034.4 753.602 -1029.22 
586.518 1037.62 756.305 -1037.56 
587.049 1038.98 758.54 -1044.82 
587.58 1038.7 760.813 -1052.53 
588.11 1036.61 762.659 -1059.02 
588.641 1033.71 763.867 -1063.32 
589.172 1030.51 764.685 -1066.21 
589.703 1027.23 765.241 -1068.09 
590.234 1023.09 765.695 -1069.43 
590.764 1018.86 765.96 -1069.91 
591.295 1015.25 766.065 -1069.69 
591.826 1012.28 766.083 -1069.11 
592.357 1009.85 766.055 -1068.35 
592.887 1007.35 765.989 -1067.28 
593.418 1005.02 765.895 -1065.98 
593.949 1002.92 765.783 -1064.51 
594.48 1001.07 765.662 -1062.92 
595.011 999.437 765.537 -1061.2 
595.541 998.012 765.411 -1059.33 
596.072 996.689 765.278 -1057.08 
596.603 995.814 765.176 -1055.03 
597.134 995.299 765.107 -1053.27 
597.665 995.003 765.06 -1051.57 
598.195 994.905 765.033 -1049.91 
598.726 995.014 765.03 -1048.16 
599.257 995.312 765.052 -1046.57 
599.788 995.825 765.105 -1044.97 
600.318 996.535 765.188 -1043.44 
600.849 997.528 765.316 -1041.87 
601.38 998.891 765.505 -1040.25 
601.911 1000.17 765.693 -1039.06 
602.442 1001.57 765.909 -1038 
602.972 1003.16 766.165 -1037.02 
603.503 1005.1 766.489 -1036.07 
604.034 1007.42 766.894 -1035.21 
604.565 1009.95 767.356 -1034.52 
605.096 1012.76 767.891 -1034.02 
605.626 1015.94 768.523 -1033.74 
606.157 1019.43 769.249 -1033.72 
606.688 1023.25 770.078 -1034 
607.219 1027.44 771.033 -1034.64 
607.749 1031.96 772.117 -1035.69 
608.28 1036.05 773.145 -1036.95 
608.811 1040.36 774.285 -1038.59 
609.342 1045.16 775.625 -1040.81 
609.873 1050.39 777.179 -1043.7 
610.403 1055.97 778.969 -1047.4 
610.934 1061.82 781.018 -1052.05 
611.465 1067.75 783.354 -1057.83 
611.996 1073.51 786.005 -1064.93 
612.527 1078.56 788.93 -1073.38 
613.057 1081.78 791.633 -1081.72 
613.588 1083.14 793.868 -1088.98 
614.119 1082.86 796.142 -1096.69 
614.65 1080.77 797.987 -1103.18 
615.18 1077.88 799.195 -1107.48 
615.711 1074.67 800.014 -1110.37 
616.242 1071.39 800.57 -1112.25 
616.773 1067.25 801.024 -1113.6 
617.304 1063.03 801.289 -1114.07 
617.834 1059.41 801.394 -1113.86 
618.365 1056.44 801.412 -1113.27 
618.896 1054.01 801.384 -1112.51 
619.427 1051.51 801.318 -1111.44 
619.958 1049.18 801.224 -1110.14 
620.488 1047.09 801.112 -1108.68 
621.019 1045.23 800.991 -1107.08 
621.55 1043.6 800.866 -1105.36 
622.081 1042.17 800.74 -1103.49 
622.611 1040.85 800.607 -1101.25 
623.142 1039.98 800.505 -1099.19 
623.673 1039.46 800.436 -1097.43 
624.204 1039.16 800.389 -1095.73 
624.735 1039.07 800.362 -1094.07 
625.265 1039.17 800.359 -1092.32 
625.796 1039.47 800.381 -1090.73 
626.327 1039.99 800.434 -1089.13 
626.858 1040.7 800.517 -1087.6 
627.389 1041.69 800.645 -1086.03 
627.919 1043.05 800.834 -1084.41 
628.45 1044.33 801.022 -1083.22 
628.981 1045.74 801.238 -1082.16 
629.512 1047.32 801.494 -1081.19 
630.042 1049.26 801.818 -1080.24 
630.573 1051.58 802.223 -1079.37 
631.104 1054.11 802.685 -1078.68 
631.635 1056.92 803.22 -1078.19 
632.166 1060.1 803.852 -1077.9 
632.696 1063.59 804.578 -1077.88 
633.227 1067.41 805.407 -1078.16 
633.758 1071.6 806.362 -1078.8 
634.289 1076.12 807.446 -1079.85 
634.82 1080.21 808.474 -1081.11 
635.35 1084.52 809.614 -1082.76 
635.881 1089.32 810.954 -1084.97 
636.412 1094.55 812.508 -1087.86 
636.943 1100.14 814.298 -1091.56 
637.473 1105.98 816.347 -1096.21 
638.004 1111.91 818.682 -1101.99 
638.535 1117.67 821.333 -1109.09 
639.066 1122.72 824.259 -1117.54 
639.597 1125.94 826.962 -1125.88 
640.127 1127.3 829.197 -1133.14 
640.658 1127.02 831.471 -1140.86 
641.189 1124.93 833.316 -1147.34 
641.72 1122.04 834.525 -1151.64 
642.251 1118.83 835.343 -1154.53 
642.781 1115.55 835.899 -1156.41 
643.312 1111.41 836.353 -1157.76 
643.843 1107.19 836.618 -1158.23 
644.374 1103.57 836.724 -1158.02 
644.904 1100.6 836.741 -1157.43 
645.435 1098.18 836.713 -1156.67 
645.966 1095.67 836.647 -1155.6 
646.497 1093.34 836.553 -1154.3 
647.028 1091.25 836.442 -1152.84 
647.558 1089.39 836.32 -1151.24 
648.089 1087.76 836.195 -1149.52 
648.62 1086.34 836.07 -1147.66 
649.151 1085.01 835.936 -1145.41 
649.682 1084.14 835.834 -1143.35 
650.212 1083.62 835.766 -1141.59 
650.743 1083.33 835.718 -1139.9 
651.274 1083.23 835.691 -1138.24 
651.805 1083.34 835.688 -1136.48 
652.335 1083.63 835.711 -1134.9 
652.866 1084.15 835.763 -1133.29 
653.397 1084.86 835.847 -1131.76 
653.928 1085.85 835.974 -1130.19 
654.459 1087.21 836.163 -1128.57 
654.989 1088.49 836.352 -1127.38 
655.52 1089.9 836.568 -1126.32 
656.051 1091.49 836.823 -1125.35 
656.582 1093.43 837.148 -1124.4 
657.113 1095.74 837.552 -1123.53 
657.643 1098.27 838.014 -1122.85 
658.174 1101.08 838.549 -1122.35 
658.705 1104.26 839.181 -1122.06 
659.236 1107.76 839.907 -1122.04 
659.766 1111.57 840.737 -1122.32 
660.297 1115.76 841.692 -1122.96 
660.828 1120.28 842.775 -1124.01 
661.359 1124.37 843.803 -1125.27 
661.89 1128.68 844.943 -1126.92 
662.42 1133.48 846.283 -1129.13 
662.951 1138.71 847.837 -1132.02 
663.482 1144.3 849.627 -1135.72 
664.013 1150.14 851.676 -1140.37 
664.544 1156.07 854.012 -1146.15 
665.074 1161.83 856.663 -1153.25 
665.605 1166.88 859.588 -1161.7 
666.136 1170.11 862.291 -1170.04 
666.667 1171.46 864.527 -1177.3 
667.197 1171.19 866.8 -1185.02 
667.728 1169.1 868.646 -1191.5 
668.259 1166.2 869.854 -1195.81 
668.79 1163 870.672 -1198.69 
669.321 1159.72 871.229 -1200.57 
669.851 1155.58 871.683 -1201.92 
670.382 1151.35 871.948 -1202.39 
670.913 1147.74 872.054 -1202.18 
671.444 1144.76 872.071 -1201.59 
671.975 1142.34 872.043 -1200.84 
672.505 1139.83 871.977 -1199.76 
673.036 1137.5 871.883 -1198.46 
673.567 1135.41 871.771 -1197 
674.098 1133.55 871.65 -1195.4 
674.628 1131.92 871.525 -1193.68 
675.159 1130.5 871.399 -1191.82 
675.69 1129.18 871.266 -1189.57 
676.221 1128.3 871.164 -1187.52 
676.752 1127.78 871.096 -1185.76 
677.282 1127.49 871.048 -1184.06 
677.813 1127.39 871.021 -1182.4 
678.344 1127.5 871.018 -1180.65 
678.875 1127.8 871.041 -1179.06 
679.406 1128.31 871.093 -1177.45 
679.936 1129.02 871.176 -1175.92 
680.467 1130.01 871.304 -1174.35 
680.998 1131.38 871.493 -1172.73 
681.529 1132.66 871.681 -1171.55 
682.059 1134.06 871.898 -1170.49 
682.59 1135.65 872.153 -1169.51 
683.121 1137.59 872.477 -1168.56 
683.652 1139.9 872.882 -1167.69 
684.183 1142.43 873.344 -1167.01 
684.713 1145.24 873.879 -1166.51 
685.244 1148.42 874.511 -1166.22 
685.775 1151.92 875.237 -1166.2 
686.306 1155.73 876.066 -1166.48 
686.837 1159.92 877.021 -1167.12 
687.367 1164.44 878.105 -1168.17 
687.898 1168.53 879.133 -1169.43 
688.429 1172.84 880.273 -1171.08 
688.96 1177.65 881.613 -1173.29 
689.49 1182.87 883.167 -1176.18 
690.021 1188.46 884.956 -1179.88 
690.552 1194.3 887.006 -1184.54 
691.083 1200.23 889.341 -1190.31 
691.614 1206 891.992 -1197.42 
692.144 1211.04 894.918 -1205.86 
692.675 1214.27 897.621 -1214.2 
693.206 1215.63 899.856 -1221.46 
693.737 1215.35 902.13 -1229.18 
694.268 1213.26 903.976 -1235.66 
694.798 1210.36 905.184 -1239.97 
695.329 1207.16 906.002 -1242.86 
695.86 1203.88 906.559 -1244.74 
696.391 1199.74 907.013 -1246.08 
696.921 1195.51 907.278 -1246.56 
697.452 1191.9 907.384 -1246.34 
697.983 1188.93 907.401 -1245.76 
698.514 1186.5 907.373 -1245 
699.045 1184 907.307 -1243.92 
699.575 1181.67 907.213 -1242.63 
700.106 1179.57 907.101 -1241.16 
700.637 1177.72 906.98 -1239.57 
701.168 1176.09 906.855 -1237.85 
701.699 1174.66 906.73 -1235.98 
702.229 1173.34 906.596 -1233.73 
702.76 1172.46 906.494 -1231.68 
703.291 1171.95 906.426 -1229.92 
703.822 1171.65 906.378 -1228.22 
704.352 1171.55 906.351 -1226.56 
704.883 1171.66 906.348 -1224.81 
705.414 1171.96 906.371 -1223.22 
705.945 1172.47 906.423 -1221.62 
706.476 1173.18 906.507 -1220.09 
707.006 1174.18 906.634 -1218.51 
707.537 1175.54 906.823 -1216.9 
708.068 1176.82 907.011 -1215.71 
708.599 1178.22 907.228 -1214.65 
709.13 1179.81 907.483 -1213.67 
709.66 1181.75 907.808 -1212.72 
710.191 1184.06 908.212 -1211.86 
710.722 1186.59 908.674 -1211.17 
711.253 1189.4 909.209 -1210.67 
711.783 1192.59 909.841 -1210.39 
712.314 1196.08 910.567 -1210.36 
712.845 1199.9 911.396 -1210.64 
713.376 1204.09 912.351 -1211.28 
713.907 1208.61 913.435 -1212.34 
714.437 1212.69 914.463 -1213.6 
714.968 1217.01 915.603 -1215.24 
715.499 1221.81 916.943 -1217.46 
716.03 1227.04 918.497 -1220.35 
716.561 1232.62 920.286 -1224.04 
717.091 1238.46 922.336 -1228.7 
717.622 1244.39 924.671 -1234.47 
718.153 1250.16 927.322 -1241.58 
718.684 1255.21 930.248 -1250.03 
719.214 1258.43 932.951 -1258.36 
719.745 1259.79 935.186 -1265.63 
720.276 1259.51 937.46 -1273.34 
720.807 1257.42 939.306 -1279.82 
721.338 1254.53 940.514 -1284.13 
721.868 1251.32 941.333 -1287.02 
722.399 1248.04 941.889 -1288.9 
722.93 1243.9 942.343 -1290.25 
723.461 1239.68 942.608 -1290.72 
723.992 1236.06 942.714 -1290.51 
724.522 1233.09 942.731 -1289.92 
725.053 1230.67 942.704 -1289.16 
725.584 1228.16 942.638 -1288.09 
726.115 1225.83 942.544 -1286.79 
726.645 1223.74 942.432 -1285.33 
727.176 1221.88 942.311 -1283.73 
727.707 1220.25 942.186 -1282.01 
728.238 1218.82 942.06 -1280.15 
728.769 1217.5 941.926 -1277.9 
729.299 1216.63 941.825 -1275.84 
729.83 1216.11 941.756 -1274.08 
730.361 1215.81 941.708 -1272.39 
730.892 1215.72 941.682 -1270.72 
731.423 1215.82 941.678 -1268.97 
731.953 1216.12 941.701 -1267.38 
732.484 1216.64 941.754 -1265.78 
733.015 1217.35 941.837 -1264.25 
733.546 1218.34 941.965 -1262.68 
734.076 1219.7 942.154 -1261.06 
734.607 1220.98 942.342 -1259.87 
735.138 1222.38 942.558 -1258.81 
735.669 1223.97 942.813 -1257.84 
736.2 1225.91 943.138 -1256.89 
736.73 1228.23 943.542 -1256.02 
737.261 1230.76 944.004 -1255.33 
737.792 1233.57 944.539 -1254.84 
738.323 1236.75 945.171 -1254.55 
738.854 1240.24 945.897 -1254.53 
739.384 1244.06 946.727 -1254.81 
739.915 1248.25 947.682 -1255.45 
740.446 1252.77 948.765 -1256.5 
740.977 1256.86 949.794 -1257.76 
741.507 1261.17 950.933 -1259.4 
742.038 1265.97 952.273 -1261.62 
742.569 1271.2 953.827 -1264.51 
743.1 1276.78 955.617 -1268.21 
743.631 1282.62 957.666 -1272.86 
744.161 1288.56 960.001 -1278.64 
744.692 1294.32 962.652 -1285.74 
745.223 1299.37 965.578 -1294.19 
745.754 1302.6 968.282 -1302.53 
746.285 1303.95 970.517 -1309.79 
746.815 1303.68 972.79 -1317.5 
747.346 1301.59 974.636 -1323.99 
747.877 1298.69 975.845 -1328.29 
748.408 1295.49 976.663 -1331.18 
748.938 1292.21 977.22 -1333.06 
749.469 1288.07 977.674 -1334.41 
750 1283.84 977.939 -1334.88 
750.531 1280.23 978.045 -1334.67 
751.062 1277.26 978.062 -1334.08 
751.592 1274.83 978.034 -1333.33 
752.123 1272.33 977.969 -1332.25 
752.654 1270 977.875 -1330.95 
753.185 1267.9 977.763 -1329.49 
753.715 1266.04 977.642 -1327.89 
754.246 1264.41 977.517 -1326.17 
754.777 1262.99 977.391 -1324.31 
755.308 1261.67 977.257 -1322.06 
755.839 1260.79 977.156 -1320.01 
756.369 1260.27 977.087 -1318.25 
756.9 1259.98 977.039 -1316.55 
757.431 1259.88 977.013 -1314.89 
757.962 1259.99 977.009 -1313.14 
758.493 1260.29 977.032 -1311.55 
759.023 1260.8 977.085 -1309.94 
759.554 1261.51 977.168 -1308.41 
760.085 1262.5 977.296 -1306.84 
760.616 1263.87 977.485 -1305.22 
761.146 1265.14 977.673 -1304.04 
761.677 1266.55 977.889 -1302.98 
762.208 1268.14 978.144 -1302 
762.739 1270.08 978.469 -1301.05 
763.27 1272.39 978.873 -1300.18 
763.8 1274.92 979.335 -1299.5 
764.331 1277.73 979.87 -1299 
764.862 1280.91 980.502 -1298.71 
765.393 1284.41 981.228 -1298.69 
765.924 1288.22 982.058 -1298.97 
766.454 1292.41 983.012 -1299.61 
766.985 1296.93 984.096 -1300.66 
767.516 1301.02 985.124 -1301.92 
768.047 1305.33 986.264 -1303.57 
768.577 1310.13 987.604 -1305.78 
769.108 1315.36 989.158 -1308.67 
769.639 1320.95 990.947 -1312.37 
770.17 1326.79 992.997 -1317.02 
770.701 1332.72 995.332 -1322.8 
771.231 1338.48 997.983 -1329.9 
771.762 1343.53 1000.91 -1338.35 
772.293 1346.76 1003.61 -1346.69 
772.824 1348.12 1005.85 -1353.95 
773.355 1347.84 1008.12 -1361.67 
773.885 1345.75 1009.97 -1368.15 
774.416 1342.86 1011.18 -1372.46 
774.947 1339.65 1011.99 -1375.35 
775.478 1336.37 1012.55 -1377.23 
776.008 1332.23 1013.01 -1378.57 
776.539 1328.01 1013.27 -1379.05 
777.07 1324.39 1013.38 -1378.83 
777.601 1321.42 1013.39 -1378.25 
778.132 1319 1013.37 -1377.49 
778.662 1316.49 1013.3 -1376.42 
779.193 1314.16 1013.21 -1375.12 
779.724 1312.07 1013.09 -1373.66 
780.255 1310.21 1012.97 -1372.06 
780.786 1308.58 1012.85 -1370.34 
781.316 1307.15 1012.72 -1368.47 
781.847 1305.83 1012.59 -1366.23 
782.378 1304.95 1012.49 -1364.17 
782.909 1304.44 1012.42 -1362.41 
783.439 1304.14 1012.37 -1360.71 
783.97 1304.04 1012.34 -1359.05 
784.501 1304.15 1012.34 -1357.3 
785.032 1304.45 1012.36 -1355.71 
785.563 1304.96 1012.42 -1354.11 
786.093 1305.67 1012.5 -1352.58 
786.624 1306.67 1012.63 -1351.01 
787.155 1308.03 1012.82 -1349.39 
787.686 1309.31 1013 -1348.2 
788.217 1310.71 1013.22 -1347.14 
788.747 1312.3 1013.48 -1346.16 
789.278 1314.24 1013.8 -1345.21 
789.809 1316.55 1014.2 -1344.35 
790.34 1319.08 1014.67 -1343.66 
790.87 1321.89 1015.2 -1343.16 
791.401 1325.08 1015.83 -1342.88 
791.932 1328.57 1016.56 -1342.85 
792.463 1332.39 1017.39 -1343.13 
792.994 1336.58 1018.34 -1343.77 
793.524 1341.1 1019.43 -1344.83 
794.055 1345.18 1020.46 -1346.09 
794.586 1349.5 1021.6 -1347.73 
795.117 1354.3 1022.94 -1349.95 
795.648 1359.52 1024.49 -1352.84 
796.178 1365.11 1026.28 -1356.53 
796.709 1370.95 1028.33 -1361.19 
797.24 1376.88 1030.66 -1366.96 
797.771 1382.65 1033.31 -1374.07 
798.301 1387.7 1036.24 -1382.51 
798.832 1390.92 1038.94 -1390.85 
799.363 1392.28 1041.18 -1398.11 
799.894 1392.01 1043.45 -1405.83 
800.425 1389.92 1045.3 -1412.31 
800.955 1387.02 1046.51 -1416.62 
801.486 1383.82 1047.33 -1419.51 
802.017 1380.54 1047.88 -1421.39 
802.548 1376.4 1048.34 -1422.74 
803.079 1372.17 1048.6 -1423.21 
803.609 1368.56 1048.71 -1423 
804.14 1365.59 1048.73 -1422.41 
804.671 1363.16 1048.7 -1421.65 
805.202 1360.66 1048.63 -1420.58 
805.732 1358.33 1048.54 -1419.28 
806.263 1356.23 1048.43 -1417.82 
806.794 1354.37 1048.3 -1416.22 
807.325 1352.74 1048.18 -1414.5 
807.856 1351.32 1048.05 -1412.64 
808.386 1349.99 1047.92 -1410.39 
808.917 1349.12 1047.82 -1408.34 
809.448 1348.6 1047.75 -1406.58 
809.979 1348.31 1047.7 -1404.88 
810.51 1348.21 1047.68 -1403.22 
811.04 1348.32 1047.67 -1401.47 
811.571 1348.61 1047.69 -1399.88 
812.102 1349.13 1047.75 -1398.27 
812.633 1349.84 1047.83 -1396.74 
813.163 1350.83 1047.96 -1395.17 
813.694 1352.19 1048.15 -1393.55 
814.225 1353.47 1048.34 -1392.36 
814.756 1354.88 1048.55 -1391.3 
815.287 1356.47 1048.81 -1390.33 
815.817 1358.4 1049.13 -1389.38 
816.348 1360.72 1049.54 -1388.51 
816.879 1363.25 1050 -1387.83 
817.41 1366.06 1050.53 -1387.33 
817.941 1369.24 1051.16 -1387.04 
818.471 1372.73 1051.89 -1387.02 
819.002 1376.55 1052.72 -1387.3 
819.533 1380.74 1053.68 -1387.94 
820.064 1385.26 1054.76 -1388.99 
820.594 1389.35 1055.79 -1390.25 
821.125 1393.66 1056.93 -1391.9 
821.656 1398.46 1058.27 -1394.11 
822.187 1403.69 1059.82 -1397 
822.718 1409.27 1061.61 -1400.7 
823.248 1415.12 1063.66 -1405.35 
823.779 1421.05 1065.99 -1411.13 
824.31 1426.81 1068.65 -1418.23 
824.841 1431.86 1071.57 -1426.68 
825.372 1435.09 1074.28 -1435.02 
825.902 1436.45 1076.51 -1442.28 
826.433 1436.17 1078.78 -1449.99 
826.964 1434.08 1080.63 -1456.48 
827.495 1431.19 1081.84 -1460.79 
828.025 1427.98 1082.66 -1463.67 
828.556 1424.7 1083.21 -1465.55 
829.087 1420.57 1083.67 -1466.9 
829.618 1416.34 1083.93 -1467.38 
830.149 1412.73 1084.04 -1467.16 
830.679 1409.75 1084.06 -1466.58 
831.21 1407.33 1084.03 -1465.82 
831.741 1404.82 1083.96 -1464.75 
832.272 1402.49 1083.87 -1463.45 
832.803 1400.4 1083.76 -1461.99 
833.333 1398.54 1083.64 -1460.39 
833.864 1396.91 1083.51 -1458.67 
834.395 1395.48 1083.39 -1456.8 
834.926 1394.16 1083.25 -1454.56 
835.456 1393.28 1083.15 -1452.5 
835.987 1392.77 1083.08 -1450.74 
836.518 1392.47 1083.03 -1449.04 
837.049 1392.37 1083.01 -1447.38 
837.58 1392.48 1083 -1445.63 
838.11 1392.78 1083.03 -1444.04 
838.641 1393.29 1083.08 -1442.44 
839.172 1394 1083.16 -1440.91 
839.703 1395 1083.29 -1439.34 
840.234 1396.36 1083.48 -1437.72 
840.764 1397.64 1083.67 -1436.53 
841.295 1399.04 1083.88 -1435.47 
841.826 1400.63 1084.14 -1434.49 
842.357 1402.57 1084.46 -1433.54 
842.887 1404.88 1084.87 -1432.68 
843.418 1407.41 1085.33 -1431.99 
843.949 1410.22 1085.86 -1431.49 
844.48 1413.4 1086.5 -1431.21 
845.011 1416.9 1087.22 -1431.18 
845.541 1420.71 1088.05 -1431.46 
846.072 1424.9 1089.01 -1432.1 
846.603 1429.43 1090.09 -1433.16 
847.134 1433.51 1091.12 -1434.42 
847.665 1437.82 1092.26 -1436.06 
848.195 1442.63 1093.6 -1438.27 
848.726 1447.85 1095.15 -1441.16 
849.257 1453.44 1096.94 -1444.86 
849.788 1459.28 1098.99 -1449.51 
850.318 1465.21 1101.33 -1455.29 
850.849 1470.98 1103.98 -1462.39 
851.38 1476.03 1106.9 -1470.84 
851.911 1479.25 1109.61 -1479.18 
852.442 1480.61 1111.84 -1486.44 
852.972 1480.34 1114.12 -1494.16 
853.503 1478.25 1115.96 -1500.64 
854.034 1475.36 1117.17 -1504.95 
854.565 1472.15 1117.99 -1507.84 
855.096 1468.87 1118.55 -1509.72 
855.626 1464.73 1119 -1511.07 
856.157 1460.51 1119.27 -1511.54 
856.688 1456.89 1119.37 -1511.33 
857.219 1453.92 1119.39 -1510.74 
857.749 1451.49 1119.36 -1509.99 
858.28 1448.99 1119.3 -1508.91 
858.811 1446.66 1119.2 -1507.62 
859.342 1444.56 1119.09 -1506.15 
859.873 1442.7 1118.97 -1504.56 
860.403 1441.07 1118.84 -1502.84 
860.934 1439.65 1118.72 -1500.97 
861.465 1438.33 1118.58 -1498.72 
861.996 1437.45 1118.48 -1496.67 
862.527 1436.93 1118.41 -1494.91 
863.057 1436.64 1118.37 -1493.21 
863.588 1436.54 1118.34 -1491.55 
864.119 1436.65 1118.34 -1489.8 
864.65 1436.94 1118.36 -1488.21 
865.18 1437.46 1118.41 -1486.6 
865.711 1438.17 1118.49 -1485.07 
866.242 1439.16 1118.62 -1483.5 
866.773 1440.52 1118.81 -1481.88 
867.304 1441.8 1119 -1480.69 
867.834 1443.21 1119.22 -1479.64 
868.365 1444.8 1119.47 -1478.66 
868.896 1446.73 1119.8 -1477.71 
869.427 1449.05 1120.2 -1476.84 
869.958 1451.58 1120.66 -1476.16 
870.488 1454.39 1121.2 -1475.66 
871.019 1457.57 1121.83 -1475.37 
871.55 1461.06 1122.56 -1475.35 
872.081 1464.88 1123.38 -1475.63 
872.611 1469.07 1124.34 -1476.27 
873.142 1473.59 1125.42 -1477.32 
873.673 1477.68 1126.45 -1478.58 
874.204 1481.99 1127.59 -1480.23 
874.735 1486.79 1128.93 -1482.44 
875.265 1492.02 1130.48 -1485.33 
875.796 1497.6 1132.27 -1489.03 
876.327 1503.45 1134.32 -1493.68 
876.858 1509.38 1136.66 -1499.46 
877.389 1515.14 1139.31 -1506.56 
877.919 1520.19 1142.24 -1515.01 
878.45 1523.42 1144.94 -1523.35 
878.981 1524.78 1147.17 -1530.61 
879.512 1524.5 1149.45 -1538.32 
880.042 1522.41 1151.29 -1544.81 
880.573 1519.52 1152.5 -1549.12 
881.104 1516.32 1153.32 -1552 
881.635 1513.04 1153.88 -1553.88 
882.166 1508.9 1154.33 -1555.23 
882.696 1504.67 1154.6 -1555.71 
883.227 1501.06 1154.7 -1555.5 
883.758 1498.08 1154.72 -1554.91 
884.289 1495.66 1154.69 -1554.15 
884.82 1493.15 1154.63 -1553.08 
885.35 1490.82 1154.53 -1551.78 
885.881 1488.73 1154.42 -1550.32 
886.412 1486.87 1154.3 -1548.72 
886.943 1485.24 1154.18 -1547 
887.473 1483.82 1154.05 -1545.14 
888.004 1482.49 1153.92 -1542.89 
888.535 1481.61 1153.82 -1540.83 
889.066 1481.1 1153.75 -1539.07 
889.597 1480.8 1153.7 -1537.38 
890.127 1480.7 1153.67 -1535.72 
890.658 1480.81 1153.67 -1533.96 
891.189 1481.11 1153.69 -1532.37 
891.72 1481.62 1153.74 -1530.77 
892.251 1482.33 1153.83 -1529.24 
892.781 1483.33 1153.96 -1527.67 
893.312 1484.69 1154.14 -1526.05 
893.843 1485.97 1154.33 -1524.86 
894.374 1487.37 1154.55 -1523.8 
894.904 1488.96 1154.8 -1522.82 
895.435 1490.9 1155.13 -1521.87 
895.966 1493.21 1155.53 -1521.01 
896.497 1495.74 1155.99 -1520.32 
897.028 1498.55 1156.53 -1519.82 
897.558 1501.73 1157.16 -1519.54 
898.089 1505.23 1157.89 -1519.51 
898.62 1509.05 1158.72 -1519.79 
899.151 1513.23 1159.67 -1520.43 
899.682 1517.76 1160.76 -1521.49 
900.212 1521.84 1161.78 -1522.75 
900.743 1526.16 1162.92 -1524.39 
901.274 1530.96 1164.26 -1526.6 
901.805 1536.18 1165.82 -1529.49 
902.335 1541.77 1167.61 -1533.19 
902.866 1547.61 1169.66 -1537.84 
903.397 1553.54 1171.99 -1543.62 
903.928 1559.31 1174.64 -1550.72 
904.459 1564.36 1177.57 -1559.17 
904.989 1567.59 1180.27 -1567.51 
905.52 1568.95 1182.51 -1574.77 
906.051 1568.67 1184.78 -1582.49 
906.582 1566.58 1186.63 -1588.97 
907.113 1563.69 1187.84 -1593.28 
907.643 1560.48 1188.66 -1596.17 
908.174 1557.2 1189.21 -1598.05 
908.705 1553.07 1189.67 -1599.4 
909.236 1548.84 1189.93 -1599.88 
909.766 1545.23 1190.04 -1599.66 
910.297 1542.25 1190.06 -1599.08 
910.828 1539.83 1190.03 -1598.32 
911.359 1537.32 1189.96 -1597.25 
911.89 1534.99 1189.87 -1595.95 
912.42 1532.9 1189.76 -1594.49 
912.951 1531.04 1189.63 -1592.89 
913.482 1529.41 1189.51 -1591.17 
914.013 1527.98 1189.38 -1589.3 
914.544 1526.66 1189.25 -1587.06 
915.074 1525.78 1189.15 -1585 
915.605 1525.27 1189.08 -1583.24 
916.136 1524.97 1189.03 -1581.54 
916.667 1524.87 1189.01 -1579.88 
917.197 1524.98 1189 -1578.13 
917.728 1525.28 1189.02 -1576.54 
918.259 1525.79 1189.08 -1574.93 
918.79 1526.5 1189.16 -1573.4 
919.321 1527.49 1189.29 -1571.83 
919.851 1528.86 1189.48 -1570.21 
920.382 1530.13 1189.67 -1569.03 
920.913 1531.54 1189.88 -1567.97 
921.444 1533.13 1190.14 -1566.99 
921.975 1535.07 1190.46 -1566.04 
922.505 1537.38 1190.87 -1565.17 
923.036 1539.91 1191.33 -1564.49 
923.567 1542.72 1191.86 -1563.99 
924.098 1545.9 1192.49 -1563.7 
924.628 1549.4 1193.22 -1563.68 
925.159 1553.21 1194.05 -1563.96 
925.69 1557.4 1195 -1564.6 
926.221 1561.92 1196.09 -1565.65 
926.752 1566.01 1197.12 -1566.91 
927.282 1570.32 1198.26 -1568.56 
927.813 1575.12 1199.6 -1570.77 
928.344 1580.35 1201.15 -1573.66 
928.875 1585.94 1202.94 -1577.36 
929.406 1591.78 1204.99 -1582.01 
929.936 1597.71 1207.32 -1587.79 
930.467 1603.47 1209.97 -1594.89 
930.998 1608.52 1212.9 -1603.34 
931.529 1611.75 1215.6 -1611.68 
932.059 1613.11 1217.84 -1618.94 
932.59 1612.84 1220.11 -1626.65 
933.121 1610.75 1221.96 -1633.14 
933.652 1607.86 1223.17 -1637.45 
934.183 1604.65 1223.99 -1640.34 
934.713 1601.37 1224.55 -1642.22 
935.244 1597.23 1225 -1643.57 
935.775 1593.01 1225.27 -1644.04 
936.306 1589.39 1225.37 -1643.83 
936.837 1586.42 1225.39 -1643.24 
937.367 1583.99 1225.36 -1642.49 
937.898 1581.49 1225.29 -1641.41 
938.429 1579.16 1225.2 -1640.12 
938.96 1577.06 1225.09 -1638.65 
939.49 1575.21 1224.97 -1637.06 
940.021 1573.57 1224.84 -1635.34 
940.552 1572.15 1224.72 -1633.47 
941.083 1570.83 1224.58 -1631.22 
941.614 1569.95 1224.48 -1629.17 
942.144 1569.43 1224.41 -1627.41 
942.675 1569.14 1224.37 -1625.71 
943.206 1569.04 1224.34 -1624.05 
943.737 1569.15 1224.34 -1622.3 
944.268 1569.44 1224.36 -1620.71 
944.798 1569.96 1224.41 -1619.1 
945.329 1570.67 1224.49 -1617.57 
945.86 1571.66 1224.62 -1616 
946.391 1573.02 1224.81 -1614.38 
946.921 1574.3 1225 -1613.19 
947.452 1575.71 1225.22 -1612.13 
947.983 1577.29 1225.47 -1611.16 
948.514 1579.23 1225.79 -1610.21 
949.045 1581.55 1226.2 -1609.34 
949.575 1584.08 1226.66 -1608.66 
950.106 1586.89 1227.2 -1608.16 
950.637 1590.07 1227.83 -1607.87 
951.168 1593.56 1228.55 -1607.85 
951.699 1597.38 1229.38 -1608.13 
952.229 1601.57 1230.34 -1608.77 
952.76 1606.09 1231.42 -1609.82 
953.291 1610.17 1232.45 -1611.08 
953.822 1614.49 1233.59 -1612.72 
954.352 1619.29 1234.93 -1614.94 
954.883 1624.52 1236.48 -1617.83 
955.414 1630.1 1238.27 -1621.52 
955.945 1635.94 1240.32 -1626.18 
956.476 1641.88 1242.66 -1631.95 
957.006 1647.64 1245.31 -1639.05 
957.537 1652.69 1248.23 -1647.5 
958.068 1655.92 1250.94 -1655.84 
958.599 1657.28 1253.17 -1663.1 
959.13 1657 1255.45 -1670.82 
959.66 1654.92 1257.29 -1677.3 
960.191 1652.02 1258.5 -1681.61 
960.722 1648.82 1259.32 -1684.5 
961.253 1645.54 1259.88 -1686.38 
961.783 1641.4 1260.33 -1687.73 
962.314 1637.18 1260.6 -1688.21 
962.845 1633.56 1260.7 -1688 
963.376 1630.59 1260.72 -1687.41 
963.907 1628.16 1260.69 -1686.65 
964.437 1625.66 1260.63 -1685.58 
964.968 1623.33 1260.53 -1684.28 
965.499 1621.23 1260.42 -1682.82 
966.03 1619.37 1260.3 -1681.22 
966.561 1617.74 1260.18 -1679.5 
967.091 1616.32 1260.05 -1677.64 
967.622 1614.99 1259.92 -1675.39 
968.153 1614.12 1259.82 -1673.34 
968.684 1613.6 1259.75 -1671.58 
969.214 1613.3 1259.7 -1669.88 
969.745 1613.2 1259.67 -1668.22 
970.276 1613.31 1259.67 -1666.46 
970.807 1613.61 1259.69 -1664.87 
971.338 1614.12 1259.74 -1663.27 
971.868 1614.83 1259.83 -1661.74 
972.399 1615.83 1259.96 -1660.17 
972.93 1617.19 1260.14 -1658.55 
973.461 1618.47 1260.33 -1657.36 
973.992 1619.87 1260.55 -1656.3 
974.522 1621.46 1260.8 -1655.32 
975.053 1623.4 1261.13 -1654.37 
975.584 1625.71 1261.53 -1653.51 
976.115 1628.24 1261.99 -1652.82 
976.645 1631.05 1262.53 -1652.32 
977.176 1634.23 1263.16 -1652.04 
977.707 1637.73 1263.89 -1652.01 
978.238 1641.54 1264.72 -1652.29 
978.769 1645.73 1265.67 -1652.94 
979.299 1650.26 1266.76 -1653.99 
979.83 1654.34 1267.78 -1655.25 
980.361 1658.65 1268.92 -1656.89 
980.892 1663.46 1270.26 -1659.1 
981.423 1668.68 1271.82 -1661.99 
981.953 1674.27 1273.61 -1665.69 
982.484 1680.11 1275.66 -1670.34 
983.015 1686.04 1277.99 -1676.12 
983.546 1691.81 1280.64 -1683.22 
984.076 1696.86 1283.57 -1691.67 
984.607 1700.09 1286.27 -1700.01 
985.138 1701.45 1288.51 -1707.27 
985.669 1701.17 1290.78 -1714.99 
986.2 1699.09 1292.63 -1721.47 
986.73 1696.19 1293.84 -1725.78 
987.261 1692.99 1294.66 -1728.67 
987.792 1689.71 1295.21 -1730.55 
988.323 1685.57 1295.67 -1731.9 
988.854 1681.34 1295.93 -1732.38 
989.384 1677.73 1296.04 -1732.16 
989.915 1674.75 1296.06 -1731.58 
990.446 1672.33 1296.03 -1730.82 
990.977 1669.82 1295.96 -1729.75 
991.507 1667.49 1295.87 -1728.45 
992.038 1665.4 1295.76 -1726.99 
992.569 1663.54 1295.64 -1725.39 
993.1 1661.91 1295.51 -1723.67 
993.631 1660.48 1295.39 -1721.81 
994.161 1659.16 1295.25 -1719.56 
994.692 1658.28 1295.15 -1717.5 
995.223 1657.77 1295.08 -1715.74 
995.754 1657.47 1295.03 -1714.05 
996.285 1657.37 1295.01 -1712.39 
996.815 1657.48 1295 -1710.63 
997.346 1657.78 1295.03 -1709.04 
997.877 1658.29 1295.08 -1707.44 
998.408 1659 1295.16 -1705.91 
998.938 1659.99 1295.29 -1704.34 
999.469 1661.36 1295.48 -1702.72 
1000 1661.4 1295.48 -1702.67 
